1,10.0011620834835,1.14536171051847,100.023243020108,1.3118534479218,1000.34866555976,1.50254670906128
1,9.92916278683952,-0.629090760994156,98.5882736475587,0.395755185568206,978.899017920092,-0.248965930856486
1,-11.7946788414551,-2.05181629991115,139.114448973069,4.20995012858108,-1640.81024784335,-8.6380442956357
1,7.51371607929672,-1.20384997400222,56.4559293202821,1.44925475990514,424.193823905443,-1.7446853050344
1,-0.191952772476052,-1.06501574023398,0.0368458668612429,1.13425852694614,-0.00707266629829905,-1.20800318469225
1,-9.1596244702461,-0.353849997774433,83.8987204359311,0.125209820924966,-768.48077272729,-0.0443054948556366
1,-10.888032082329,-0.823586525156853,118.549242625826,0.678294764419939,-1290.7679570458,-0.558634428060704
1,-0.552168931462281,-0.314399344113831,0.304890528872197,0.0988469475792071,-0.168351077540331,-0.0310774154865569
1,10.5811723226759,-0.253944683422812,111.961207722163,0.0644879022387121,1184.68083236312,-0.016376359918611
1,7.8075650800341,-1.4286468646321,60.9580724789678,2.04103186382312,475.934118032976,-2.91591377286511
1,-9.89990716686068,-1.5770570227992,98.0081619124594,2.48710885316028,-970.271704527999,-3.92231248334249
1,7.6807196933567,-0.0208576177016003,58.9934550079174,0.000435040216186109,453.112191658464,-9.07390251403139e-06
1,10.0799337102984,-0.560664996528185,101.605063604011,0.314345238331949,1024.17230575909,-0.176242371958034
1,-0.615483703262021,-0.110266963826238,0.378820188981132,0.0121588033114568,-0.233157652784526,-0.00134071432491475
1,9.05151901642949,2.17777870918415,81.9299965047848,4.7427201061758,741.590921379061,10.3285948708493
1,-10.5445289299905,0.507974650905946,111.187090355408,0.258038245963017,-1172.41549089407,0.131076887913446
1,-0.857317817948562,0.195209734425319,0.734993840972083,0.0381068404144036,-0.630123315947818,0.00743882619708373
1,10.4114906214234,1.1384653873296,108.399136959987,1.29610343814753,1128.59659782929,1.47556890272984
1,10.676977805684,-2.4968865031845,113.997855063069,6.23444220978493,1217.15256840398,-15.5666946084958
1,10.8577325452054,0.441326931727609,117.890356023212,0.194769460668105,1280.02195535907,0.085957008470896
1,0.0651828692306811,-0.184670584927949,0.00424880644114407,0.034103224937631,0.00027694939463957,-0.00629786249716175
1,-9.69647920535065,0.281984063670556,94.0217089797975,0.0795150121641603,-911.679545974136,0.0224219662528636
1,9.30884087461701,-1.39813787581107,86.6545184289403,1.9547895197775,806.653123121573,-2.73306526683947
1,10.4493776231668,-0.255055179880806,109.18949271154,0.0650531447840302,1140.96224182491,-0.0165921415447029
1,0.145071033720559,0.313546641541194,0.0210456048247515,0.0983114964217618,0.00305310764720108,0.0308252395279325
1,10.1006333503151,0.164404073318729,102.022794077497,0.0270286993237899,1030.4948363515,0.00444362826533822
1,10.8260699984699,0.747734028808123,117.203791611771,0.559106177837626,1268.85645207511,0.418062714886039
1,2.336458402578,0.277111052997426,5.45903786697733,0.0767905356933422,12.7548148942907,0.0212795062062185
1,4.31894227961174,-0.884363536103931,18.6532624146178,0.782098863990249,80.5623636951855,-0.691659716941284
1,-10.6003265621337,0.0334798822444514,112.366923223878,0.00112090251510233,-1191.12608095532,3.75276842131356e-05
1,10.5361570799259,-0.273046949402907,111.010606012873,0.0745546365782336,1169.6251824894,-0.0203569160815291
1,-9.51003467882605,-1.33367794342811,90.4407595924741,1.77869685678662,-860.094760103799,-2.37220876594122
1,-9.26063687639553,1.12749227834159,85.7593953564567,1.27123883771991,-794.186619135386,1.43331197345714
1,-8.28811221701845,0.350179410603312,68.6928041218904,0.122625619610483,-569.333669063895,0.0429409672000647
1,-10.1941235357583,-0.299066030332982,103.920154662301,0.0894404904991283,-1059.3748944826,-0.0267486124446091
1,10.8978884259851,1.57630014654608,118.763972145219,2.48472215200118,1294.2765174654,3.91666789232574
1,1.32063345482617,-0.67030959648041,1.74407272200609,0.44931495513373,2.30328078433098,-0.301180126268304
1,-0.593158894719779,-0.524041144603939,0.35183747438519,0.274619121237807,-0.208695527427318,-0.143911718623588
1,9.86806213207542,-0.480937151778845,97.3786502425009,0.231300543961148,960.93857093064,-0.111241024817572
1,-12.1383552694399,0.0228897927516298,147.33966864714,0.000523942612212563,-1788.46124332055,1.19929378072931e-05
1,1.7683053641164,-0.359081233407237,3.12690386076282,0.128939332185263,5.52932087006317,-0.0462996944357896
1,0.518244960666268,-0.226681114599342,0.268577839255982,0.051384327716,0.139189111741048,-0.0116478566796007
1,9.85279854384873,0.327512120829686,97.0776391456677,0.107264189290359,956.486421614708,0.0351303221235622
1,11.0077734053054,0.664734120627595,121.17107534255,0.441871451126541,1333.82374064798,0.293727030495041
1,-10.8395887473366,-0.261995434966092,117.496684211387,0.0686416079430717,-1273.61573602711,-0.017983787929817
1,-2.91262245240709,0.0088169437016956,8.48336955026586,7.77384962388697e-05,-24.708852624171,6.85415944792589e-07
1,2.68480477457223,-2.14195183952351,7.20817667756585,4.58795768283814,19.352547159889,-9.82718439841118
1,0.868502261091158,-0.323158151661831,0.754296177520453,0.104431190985491,0.655107935708931,-0.0337477906547149
1,7.87634453758425,0.0851885927211602,62.0368032747333,0.00725709632981171,488.623236602134,0.000618221823578557
1,9.49541359448599,0.880952785381048,90.1628793303494,0.776077810070626,856.133830111399,0.683687908454142
1,-8.64540567199536,-1.75021236844679,74.7430392333695,3.06324333466412,-646.183895330344,-5.36132637189133
1,0.382332472820096,0.878543693433311,0.14617811977273,0.771839021271443,0.0558886420048999,0.678094304483765
1,1.45733671132456,-0.754271792723293,2.12383029017428,0.568925937298011,3.09513585049407,-0.429124786652551
1,-11.0721552883843,-0.28565097159533,122.592622730095,0.0815964775733559,-1357.36455607792,-0.0233081130975857
1,-9.03904613025943,-0.831366511567624,81.704354944958,0.691170276556121,-738.529433390566,-0.574615821719692
1,0.739368737538437,0.660245515609688,0.546666130049182,0.435924140882703,0.404187846429487,0.287816959163811
1,8.72940555019134,0.323213137847597,76.2025212597114,0.10446673247729,665.202712023098,0.0337650204046704
1,-2.66292389213293,0.247714355650968,7.09116365529238,0.0613624019955744,-18.8832291207027,0.0152003478715294
1,-0.459160277126518,-0.020510172211935,0.210828160090901,0.000420667164163233,-0.0968039164134121,-8.62795598089425e-06
1,-9.87595019999681,-0.979206305167302,97.534392352817,0.9588449880794,-963.24480166337,-0.938907058005415
1,9.61741519729235,-0.784146183664088,92.4946750771099,0.614885237354953,889.559693755214,-0.482159912263273
1,-8.56330337728106,-1.156401655664,73.3301647313532,1.33726478922245,-627.948447300574,-1.54641521631801
1,-0.413104889438175,0.129013164885665,0.170655649677727,0.0166443967138157,-0.0704986832921171,0.00214734629766192
1,-1.50475540883963,-1.10666172054277,2.26428884043214,1.22470016371468,-3.40720087981548,-1.35532879032549
1,10.6486792620486,-1.80537335138609,113.394370025984,3.25937293789504,1207.50027652877,-5.8843850443047
1,10.8257271492418,1.85859294855571,117.19636830983,3.45436774842099,1268.73590620426,6.4202635389335
1,4.75770743377841,-0.0597784394570961,22.6357800254303,0.0035734618239257,107.694418896363,-0.000213615971293786
1,-11.960899999365,-0.533557109315987,143.06312879481,0.284683188901633,-1711.16377711101,-0.151894739341212
1,-10.1976982259742,-2.00263573588306,103.993049108036,4.01054989063589,-1060.48973240266,-8.03167053152933
1,-11.2078454852598,0.964229422631627,125.615800421458,0.929738379468522,-1407.88248163094,0.896481100833398
1,8.98505635731986,-0.604530088774459,80.7312377442141,0.365456628233655,725.374720927952,-0.220929527909306
1,-7.09199196927064,0.520060101455458,50.2963500921992,0.270462509125861,-356.701310937501,0.140656759935893
1,9.52893008731683,0.103359722310648,90.800508608972,0.0106832321961343,865.231698427704,0.00110421591317261
1,-9.17478110577151,-0.0200278516425381,84.1766083388219,0.000401114841415515,-772.301955734951,-8.03346853549013e-06
1,10.1370248741301,0.563166955145978,102.759273298731,0.317157019368392,1041.67330947677,0.178612352900871
1,-2.47693663661524,1.13416134117071,6.13521510180681,1.28632194780615,-15.1965390591804,1.45889662550115
1,-8.62102802208339,-0.034771086028483,74.322124157547,0.00120902842360016,-640.733115022973,-4.20392313278824e-05
1,-11.0581802579874,-0.798163584564142,122.283350618141,0.637065107724281,-1352.23133368608,-0.508482169981954
1,-1.3684356110919,0.0695423783626267,1.87261602170447,0.00483614238833073,-2.56255445000165,0.000336316843784833
1,-2.01385297941184,0.0292555626606978,4.05560382268595,0.000855887946594013,-8.16738984163014,2.50394834521171e-05
1,-3.32117400850392,-0.519135958125575,11.030196794762,0.269502143018958,-36.6332029034469,-0.139908253233043
1,9.70813662424643,0.113596996734002,94.2479167150348,0.0129042776669848,914.971652020156,0.00146588718799112
1,-0.543735465856206,-0.0217885974453629,0.295648256829865,0.000474742978636074,-0.160754442656962,-1.03439836515139e-05
1,-0.775187672426797,0.164294148215204,0.600915927482476,0.0269925671377594,-0.46582261914933,0.00443472082603988
1,10.301818555261,-0.904726212798032,106.12746554552,0.818529520123869,1093.30589377966,-0.740545112805059
1,-10.4686155811006,1.01868528212858,109.591912184863,1.03771970402538,-1147.27559946107,1.05710978946547
1,10.3999309429558,-0.467714582451856,108.15856361825,0.218756930638114,1124.84159251909,-0.102315806471855
1,9.07003844105987,-0.124889947223107,82.2655973223037,0.0155974989173905,746.152130090047,-0.00194797081660536
1,4.32769860262572,0.301501533257433,18.7289751951686,0.0909031745565832,81.053359780743,0.0274074465067779
1,-0.704348336458724,-0.263615589358314,0.496106579072172,0.0694931789527312,-0.349431843675712,-0.018319485326007
1,-10.2724694092502,-0.133217479507735,105.523627763981,0.0177468968463937,-1083.9882381586,-0.00236419686696034
1,-8.90157538211138,-0.714530163787158,79.2380442834113,0.510553354961703,-705.343424319865,-0.364805772342869
1,-3.01005008353489,-0.167198639617349,9.06040150538839,0.0279553850898921,-27.272262308154,-0.00467410235700908
1,9.82316973407077,1.47895849150403,96.494663624364,2.18731821959188,947.883459214192,3.23495285448688
1,7.86790540083847,-0.860815690006961,61.9039353965431,0.74100365216216,487.054307639617,-0.637867570133648
1,-10.2778719327876,1.35138576842666,105.634651466784,1.82624349510611,-1085.69941944026,2.46795946896815
1,4.53526211537497,1.43096554894244,20.5686024551555,2.04766240226013,93.2840034810752,2.93013435349895
1,3.49219998942436,-1.59689740685742,12.1954607661355,2.55008132802796,42.5889879585237,-4.07221826000337
1,-9.29845854183672,-0.224771056052584,86.4613312542562,0.0505220276389939,-803.957104139712,-0.0113558895063345
1,-0.649481682463461,1.57645615893813,0.421826455855567,2.48521402105396,-0.273968556256673,3.91783094976992
