10.0232595311923
-11.6645264945623
-10.3194590661065
5.90318753090977
-17.994740212201
0.975060980658509
-0.443959540409183
3.91593743231967
12.5277505113402
1.74889197501478
5.4461021362918
-3.61075495416434
-0.387686704751527
-16.2037666175543
-0.0483137939259142
-14.0048217204579
-8.92158690791504
-2.59134196886904
9.64525030348565
-7.31390010356678
-14.1938199580887
-7.11303007642384
1.91647900570958
-9.56815635794428
0.265338418261417
0.582008131899779
-0.290340700316018
11.0856395843424
16.7026750903167
-1.54944653066679
11.771620970538
6.90577711578469
-5.50287985497434
10.0235654269262
-12.7305009787888
4.798484349001
1.34474304545456
-16.1611474987277
21.7604449852428
-11.3700179329319
0.624806607724754
6.55171560463554
-0.448264383563822
-12.8923629427024
6.39488948925369
-11.3220769237591
-0.324543708886076
-0.98264454777986
0.0859236552246076
-0.0923564307133527
13.0958246498582
0.173216265773635
-19.2357735142719
-0.496811851579223
-1.23546165596509
0.464831698190482
-0.261043388602782
-9.1497840605907
-7.41900142590329
11.9030295146218
0.166258647990238
-0.0482358963197706
0.247138806754092
-4.67930551364391
0.552544156403511
-0.770764899922969
-10.273510289808
3.78911524492127
12.6799586960359
1.14211060109059
-13.5889333007324
-0.0232066249625337
-1.10017143667675
9.04981525881644
12.4943980821243
1.00565677767245
-7.78649303405782
0.610925010691253
0.217444394869026
-0.115204184619272
-9.47499687859184
0.106377075283689
-0.92370367967578
13.6141504695752
6.16246478815501
-0.573570915820015
0.706497022834466
-8.99998425753753
13.4458576086041
-9.46803822847588
0.445248516291904
-11.6531783484026
-1.30448759999755
-11.0556667188826
-13.1313993979019
0.125611565683296
-0.206343356337481
8.94102452709591
0.219041473915248
-0.922905284627458
