-2.64228218753158,1.12636456310497,-1.56981307965063,1
-2.00785636060974,1.47447608570979,-0.85780415624176,1
-0.683339956537707,0.408679626200927,0.214300674554516,1
-2.50267075884625,-0.617109419454104,-0.944132581670491,1
-0.467022895776611,1.61295476811171,-0.592726306637767,1
-0.252195655696847,0.833849033440677,-1.93198507375655,1
-1.53350495188135,1.5386315503641,-0.307902961536471,1
-0.991099020137659,0.148089962951208,-1.38617790481578,1
-2.06476234098568,2.02005387986372,-0.987736153316149,1
-0.889888388419763,0.291503715209423,-1.31891394987043,1
-0.354237632755328,-0.358972087887411,-1.68733591784713,1
-2.37181448115574,2.59281532457421,0.364859492166195,1
-0.382007693179393,1.00741903877856,-1.40397984935608,1
0.642694166870978,3.25643280854381,-0.320661206590969,1
0.809327476421125,1.86105502965387,-1.31063371630348,1
-0.738972306375523,0.78799875503483,0.371870143800646,1
-0.336885695273463,-0.519655424281912,-0.595097044302582,1
-1.76299188460852,-0.0267125110219721,-0.67699249885885,1
-1.71310285740911,4.18459184253918,0.930086952359868,1
-0.245934894143101,1.30067944719062,-2.03484268579734,1
-0.769297927614018,1.19742217281993,-0.610501963830695,1
-2.84471304008464,1.66322691380817,-0.0368365650793226,1
-0.0737409341839516,1.7280601832897,-1.10265043500191,1
-1.8704600415081,3.00828281403488,-0.314485552371274,1
-0.837633258327358,0.276442189968136,-1.27209389943692,1
-0.691530581091087,0.331888328961441,0.175727039000309,1
-1.42639384242304,1.45873132557652,-1.39958161352121,1
-2.20702699575932,0.334364932897064,-0.0541120260382436,1
-0.156444793402523,3.22505251329857,-1.66463859750962,1
-1.84537771715348,-0.396195339305306,-1.35487216136991,1
0.529753915622639,2.40584448749508,-1.83550080088535,1
-1.53540555865825,-1.08567012236865,-2.07152402207787,1
-1.76812891684407,1.05056363739073,-1.16460180287676,1
-1.68308519457066,0.964386902791617,0.173868316403753,1
-1.79244118262905,2.47161286700704,0.0942515178360692,1
-2.17715368326949,0.465122365384986,-1.98315448098703,1
0.575661065862187,2.89302280880065,-1.51757649407501,1
-1.38168688003665,-0.801281558689863,-2.70804691980447,1
-2.87654303754772,0.274554839605208,-1.5016412291852,1
-2.05408713090475,-0.475385483429374,-1.78202758989154,1
0.411866721770181,0.9671735086052,-0.551342835044238,1
-1.99436764879779,1.84404987916385,-0.0156297444767544,1
0.982626384725713,-0.501274549119912,-0.584525289937367,1
-1.70912928597102,3.42788070232849,-0.233149677728838,1
-1.89755218951676,1.88443651130804,-0.0367168381909293,1
-0.656327504389665,1.52181699013922,-0.882864374343157,1
-1.6792270665459,-0.304030099494649,-1.30261987131591,1
-1.70806254203646,0.97441625228349,-1.50396315726408,1
-0.0109069753190962,0.588646171024244,-1.18219081280057,1
-0.465347500123643,-0.222832411336487,-0.722787005777713,1
-2.04733344686104,3.29086255787597,-0.961786082239864,1
-0.625379506550432,-0.339665477581556,-1.35135026632647,1
-0.300010209157251,-0.477473107449825,-1.24328763173858,1
-1.67817509778046,-0.781615117635708,-1.95897442576803,1
-0.0834179251927747,1.58473995488975,-1.57717820272752,1
-0.0619817370498017,1.4844076213043,-1.22012404723775,1
-1.43221485271018,1.01562353278283,-1.65437438885334,1
-1.10923730719585,1.72044919665142,-0.735324971285936,1
-0.584317867802053,1.35793395043965,-1.55179097816687,1
0.336993302359617,1.89185417803263,-1.99667245129788,1
-0.917006812548126,2.12233748408316,-0.733179835468658,1
-2.26335231087923,-0.587375288697908,-2.06650013456635,1
-2.63557365951507,3.69448612047751,-0.13858664704979,1
-1.14797268765215,0.263380733176044,-2.14705332786024,1
-0.00968063042112022,2.17811399784879,-0.779112201182248,1
-0.408233108071123,1.89450343254077,-0.0476954988253573,1
-1.61685933638655,-1.66033261656969,-1.33949540503324,1
0.0350757052724817,0.570163684578171,-1.10719354829944,1
0.20836281073597,0.571841634923396,-2.10236222681634,1
0.419793916101416,-0.301178640633291,-1.6539099198438,1
-1.19550518298621,1.37247801233592,-1.81706858496537,1
-2.75434972436987,-1.11798860912493,-1.25730006173707,1
-1.53367352967628,0.26650519040702,-1.19264055607075,1
-1.40613010910555,-0.604550965723426,-2.00545423673822,1
0.225852509019753,3.89737929604597,-0.470550932782582,1
-2.20049111624923,-0.552286851668098,-1.0047065357026,1
-0.108462713360497,2.5115069908858,-0.681406006496508,1
-1.24075144169739,2.35396153229226,-0.233136839727694,1
-2.3258632491951,3.04659910373113,-0.146321091189796,1
-0.319466934725485,3.09184739409772,-0.404942054289685,1
0.510606707011345,1.68972190909837,-0.932268758685844,1
0.195561362685048,0.69236542103819,-1.90355849867399,1
0.135513490211502,-1.30614538912213,-1.47076901443265,1
-1.88868802856735,1.20779659540607,-1.04483491851681,1
-0.606948512260499,3.03920605611445,-1.96824425678759,1
-2.48879386661493,-0.86796633818726,-1.96668186067737,1
-1.37907625820355,0.619476273924394,-1.55271784108625,1
-0.31795810255076,1.49030459353011,-1.07279729102465,1
-1.81341898081361,1.28252219217251,-0.916287043286591,1
-1.01129293599946,-0.830227216398947,-0.905305360752635,1
-1.82513136680035,0.560129844622414,-1.32257237755026,1
-0.852703811949691,-1.46007711734843,0.224624217680825,1
-1.18351286194855,-0.199609492097832,-1.60668383202154,1
-1.12927258391519,2.89159631608608,-0.981163487700944,1
-1.1772922716441,0.640399354672955,-0.562605117427274,1
-1.37203152937404,2.65940396186505,-1.20442972929161,1
-2.12016733196946,1.73178293638952,-1.93284306492715,1
0.137176118909354,1.71169504578967,-1.34376404410534,1
-1.35617919916913,0.312241574342573,0.215076307958082,1
-1.2992188933473,2.12401115632125,-0.737719396144551,1
-0.814712263502986,0.213806519637255,-0.776749547405625,1
0.142979461296161,0.554921672499355,-0.138789066836589,1
-0.281868947571528,-0.364554992906601,-1.06304257574709,1
-0.257702973243306,2.20800946454572,-0.370176352114302,1
-1.66903291115638,0.691984600897675,-1.18785720079242,1
-0.905424791005983,2.52825507385131,-0.437108839663315,1
0.0398237314059402,0.14310652933461,-1.75225130052112,1
-0.554209112484459,2.55541976877681,0.0320418597211432,1
-0.3616953536957,0.473543078188884,-1.26333701147393,1
-1.28527690460279,-0.864150240559872,-0.690420026273559,1
-1.72556547927661,1.05463900885897,-0.625840381670659,1
-2.55392133129454,2.21002734553014,-0.931659086290523,1
0.273088862031625,1.98041207217067,-1.00700482165481,1
0.633451691186771,-0.326930363552465,-0.415574395499591,1
-1.18988447894917,3.16675297685961,-0.0954816497362266,1
-1.56968152734272,2.20877407693709,-1.98145261666252,1
-0.829353367465025,-0.666934460398276,-2.88532422550714,1
-1.0726072423398,1.06738546056721,-0.197233036989425,1
-1.58489716310999,1.4151567919683,-0.849038582241169,1
-0.960313533783735,-0.397730181813961,-0.445670646539331,1
-0.690952727667578,1.43891935031466,-0.396734091378409,1
-0.0376547720000733,1.77479956150369,-1.41485604190668,1
-1.88746132558452,0.595760649473574,-1.90146844459365,1
-1.00054531260408,1.09339238050504,-1.81594167782186,1
-0.197468967931491,1.52961895914412,-1.64448107983105,1
-1.99236190168336,-0.359279880639465,-2.23434061720405,1
-0.816031841090615,2.19217674628902,-1.86589246438374,1
-0.700482256336018,2.23918239599433,-1.02323402592417,1
-1.28952812512899,1.55220497836581,-0.92473827772156,1
-1.14698041548547,-0.064276328944213,-0.555919248480701,1
-0.840989873942074,2.04998610007672,-1.45800073904241,1
-1.23274070275203,-1.53480393453932,-2.02209072151824,1
-3.49068826030489,0.749635840159637,-1.33142103830611,1
-0.887520794886732,1.76471700123322,-0.502177734128432,1
-0.159747321157072,-0.478337076339242,-1.66421614238591,1
-0.912235846645741,3.2208981674146,0.292887222515461,1
-1.39471713707346,2.21850509719881,-0.5972966095489,1
0.306763072539732,1.70913413418993,-0.523854558082133,1
-0.514755160757854,2.47008012755418,-0.673684398404048,1
-0.524105635525168,3.63505849416448,-0.281148125054732,1
-3.61267984160148,2.69572695742916,-0.525010934926552,1
-1.62948892967599,-0.181921704532229,-0.51147757498133,1
-0.830982667294236,3.11820373642614,-0.873559259321765,1
-0.0149562038674818,0.986353337932048,-0.457376052926094,1
-2.20777189685958,0.25513193905153,-1.99175714518178,1
-1.23526735050937,0.539179126471172,-0.951816501243239,1
-0.102920622428404,1.62210626787883,-1.29840677622034,1
-0.41184856025252,-0.68315664001835,-1.19308506356282,1
-1.77496284470966,1.16853858590059,-1.22711489703164,1
-0.699530450054361,2.23747364019449,-0.753385990751185,1
-0.324433750113262,1.25352794862858,-2.48762565563641,1
-2.72286797153758,0.873729764240814,-0.948955435943894,1
-0.167117666474673,0.760957894672939,-0.45827495887024,1
0.465970915093759,0.833752374519009,-0.92169897210591,1
-0.714475394708209,1.96178369692922,-0.943201896734017,1
-0.196915618251922,3.22439581788026,0.665530374822666,1
0.0324427133534666,1.06391169068812,0.158407437634086,1
0.201620936594879,-0.269225429225007,-2.31269412265974,1
-0.628539200738325,1.04510356630385,-1.50941109137113,1
-2.0906959622172,1.47304127382633,-1.59204689349813,1
-0.348159483334029,2.15901108324239,-0.00733796917284957,1
-1.70185055938009,1.44514609481368,-1.73497343762502,1
-0.736650605184931,2.78295734692619,0.658230597005846,1
0.621989957726159,2.51816342796236,-0.443672072695166,1
-2.04777469054608,1.16622551193383,-0.078318997268693,1
-1.03119771239696,0.215950876970684,-0.180405511228788,1
0.288395973327053,-1.19344208759432,-0.580345013953498,1
-1.53236024118595,-1.18235018273444,-1.54724994276155,1
-0.026967001735977,-0.503256103465197,-1.99360125249589,1
-1.53459947408157,2.27720119493919,-1.99555405414056,1
-2.85860519845803,0.991283372294406,-1.4257672701918,1
0.379152834394855,-0.350914950835517,-0.39973326192837,1
-0.658818262599755,2.27471181026703,-0.594879644389148,1
-0.901853725591695,1.47400657975779,-1.87125370515672,1
-2.92465497373185,-0.921451944620463,-2.43259762806765,1
-0.499175681402885,3.00327180315531,-1.72821207277286,1
-0.748263297906102,-0.613566481991212,-1.04506044470022,1
0.651285709277099,0.0562032033121971,-0.917894112908566,1
-0.577111577501126,-0.915573815223014,-2.35367362884485,1
-0.33934069272605,1.78022667490324,-1.83481516437252,1
-2.92009385845689,-0.853666624888268,-0.866426932910669,1
-0.842158523139524,1.20754352950957,-0.479621205675849,1
0.286534695529444,1.0783262743419,-1.01282343151452,1
-1.38872148856162,1.78491278396491,-1.34005315658422,1
-2.10435373823006,2.86270169117704,0.169950805518013,1
-1.69438098712829,3.43690794109796,-0.407889530412607,1
-1.82663595821718,-0.335523422642291,-0.202718399742724,1
-1.29128522383966,2.02117968115043,0.213775444783641,1
2.24659358872767,-1.35106409213358,-0.325623476095861,1
1.18924521678635,2.75307717675171,1.26959938110723,1
-1.93604308702416,2.43321425751748,-1.62778990171802,1
-1.20567293226815,-0.887850746164022,-1.92539372398639,1
-2.34410663030198,0.870268219978439,0.117396371455544,1
-0.163023427429946,-0.935366028966987,-1.05118326198771,1
-2.05395830497533,-0.345761418055849,-2.46908332817603,1
0.449410651003856,1.10259122468418,-0.934393631994242,1
-0.119875769832872,2.59537941562131,-0.84920670275829,1
0.417211649971222,-0.413541410584437,-1.19222068327131,1
-1.30632579083673,1.16567845609508,-1.56503854968598,1
-0.22253364696233,2.08059510750707,-0.512886502651258,1
-1.10619741631051,3.22139688052025,-1.32242075016307,1
-2.67782342953988,2.63584785332,-0.0384429953963419,1
-1.16553474638793,1.70438436826237,0.0327057241553776,1
-1.2094017044552,2.07060261189522,-0.609253102339448,1
-1.1565953363216,0.782224607669077,-1.61163726277426,1
-0.724863960038852,0.185757260174624,-3.13015189696491,1
-0.750050536767206,-0.0818569754327958,-1.24157478468897,1
-1.49880246922352,1.65006648921883,-1.40057870144591,1
-1.24170217130252,1.52228602968746,-0.432702936652679,1
-0.410982866183764,-1.96865049474372,-2.11510677325951,1
-0.194326620043674,1.18582875882953,-2.21771372942029,1
0.393445800917198,3.84580246587598,0.158415574953231,1
-3.04326795649788,2.69160396539126,-0.381171666035759,1
-1.93776297922222,1.18600882291431,-1.19519876856291,1
-1.03851697368571,0.46486639949613,-1.41858887120839,1
0.0522657260738775,3.86904852546834,-0.0899592840532708,1
-1.78938380164536,1.14909296462055,0.172182725711871,1
-1.67975583900688,2.43850986903925,1.10252484992766,1
0.721466504117267,0.0557159496780297,-0.216718373626639,1
-1.7183441417337,0.194722499100349,-2.64210763319253,1
-2.07512728182999,0.412887231557928,-1.53086613339958,1
-1.37731449885638,1.8289758257209,-0.971995597037708,1
-1.50174479229338,1.28901516799954,-0.862115204665613,1
-0.897087251051728,0.197423247736977,-0.0538833823964551,1
-1.50137905907925,2.34370457195219,-0.961775676170514,1
-1.73260101166637,-0.73918037205275,-2.48993009565551,1
-1.32724593909145,2.55039341624998,-1.04001940591183,1
-0.436964526404832,1.99287737844609,-0.827051369204475,1
-1.21848988816192,0.756657946354269,-1.53371630951663,1
-0.716969513181942,1.91833303170303,-1.70124472227352,1
-0.493682457732204,1.03670361507014,-1.39088892971346,1
-0.720884579526871,0.24933745038663,-2.45982354124393,1
-1.43616785584972,2.1245981629535,-2.02676440917375,1
-1.20139716830252,0.101119729049142,-1.77881534270835,1
-0.0605270792943792,2.89978414725575,-0.961239701148869,1
-2.32339337849234,0.187105383555137,-2.29169267854646,1
-1.82878332876342,2.5997564533547,-0.349432951885459,1
1.50094341540612,1.40619579206842,-1.06378179995996,1
0.647909895590541,1.17651101110889,1.68030499457516,2
0.27415127908695,0.436383744637439,0.714396843703232,2
-0.274245149153421,0.350916850747949,2.75346574858022,2
2.33929679861792,2.18497999370487,2.10679828063956,2
-0.0306844184638246,0.346513871897582,0.119166900255462,2
-1.15198796840153,2.32994487880262,1.55243683548273,2
0.152591868204064,-0.583568160511259,0.015424515785853,2
-0.320635209940272,-0.549406565898026,1.92273368118792,2
2.16258242320022,1.88481925648556,-0.253463998794092,2
-1.48001698877804,-0.271035731247986,0.813734933865943,2
0.825724846962874,1.08878079054177,1.80781402562315,2
0.525726206435609,1.85542130828336,0.558802952794072,2
2.57055898465028,1.2673997164269,0.8248543488969,2
0.0713723823179478,1.29749204080324,0.955065063156827,2
2.49068702990213,1.18265279680226,2.42956020921354,2
1.16248025168881,1.77866510886195,0.847884028827597,2
0.00622377951305875,-0.703708217787201,0.916668998229666,2
2.09107289389395,1.28642360848074,-0.0398280309504895,2
0.808431851800374,0.529125034882641,1.4284311591642,2
1.0480340407252,-0.245994166866717,1.89529335943875,2
1.60370846528271,-1.01848594076155,1.8344493837665,2
-0.230754767039765,0.0851265199804692,2.32231309492064,2
-1.36762373489395,0.771937110032687,1.0485167955653,2
0.128312624434102,0.871994072935963,0.71643354399592,2
-0.41398932867999,1.72160652837575,1.4904195019035,2
-0.764978028836995,0.312912616156035,3.46647067189115,2
0.00128959898822933,1.91309734823433,1.00049073070239,2
2.84347195693528,1.60510398828,1.48362989434946,2
-0.90078563748813,-0.645302957038476,1.07660547358705,2
-0.727948731238522,-0.886431153659934,2.02292087113863,2
-0.374787609489992,1.4259841348012,1.86476445425345,2
0.641398821773884,1.20578841653333,0.577244824747711,2
0.207139656962974,1.22605933909737,1.70405957767613,2
1.17119863237703,-0.50649515502805,1.16506209170526,2
0.874386466447497,0.624728095409828,1.41945912230528,2
0.5298531009599,1.69746403206095,1.09286122731412,2
3.38889734926694,1.14496422274469,-0.184990414066679,2
2.47465100087667,1.45811382267949,2.33411082299119,2
-1.23351786017373,0.927934147999364,0.894330095087864,2
-0.188884757931073,0.892370588049728,0.0954926801116277,2
1.43246506482677,0.985241387429622,-1.55006627144464,2
-1.44639285863256,0.514069381156513,0.218089612655866,2
1.83319261760612,0.852573366405893,-0.502154493876943,2
0.581310764332348,0.474347538364783,1.37979354195136,2
0.223982595024348,-1.09732685569651,1.16880142764999,2
0.899616303736894,0.677873226849181,1.13006461542832,2
1.08029514661377,1.34211921427444,-0.0437972265955393,2
3.63128712614822,2.00470878707763,1.18930703079671,2
-0.876612991599915,1.22550674784605,2.14833403873206,2
2.26226156410135,0.219661420253626,0.301348801015539,2
0.526851869860262,1.32912473269202,1.61773608006182,2
0.949008252845947,1.1433576086696,0.115915517686217,2
1.12056542602442,2.28840205440874,1.01039361236132,2
1.8933508366387,2.59490384745008,1.27028958306961,2
1.41990050170518,0.411782549420558,-0.577192040420797,2
2.24595174987782,2.77400092419954,2.71089676049795,2
1.65255814173692,0.345670598580692,1.6047840002079,2
2.15746844065565,2.40491650246074,0.695915009281543,2
0.569567994395856,-0.300697495875839,2.66088329770888,2
0.283822800176141,-0.975356730726907,1.66369015066397,2
1.39802764192512,0.602112476155091,1.23491880943192,2
2.07473510765467,1.63393938548273,0.993512250906081,2
0.626742404567604,0.890611320523002,1.33431301126465,2
1.17458263280204,0.488787413930746,-0.737638032451364,2
2.8515488843893,2.66560234521139,0.286924389860421,2
1.92405062541086,1.14423950955474,1.7872864126908,2
0.0148702959932653,-0.646441235561247,-0.206272303351667,2
0.801124411165285,0.883130026382905,0.441296483298206,2
1.86185176732578,2.49317699702465,1.54286928815119,2
-0.64316857350266,0.814703913436556,0.191280009446696,2
1.11245795280592,0.82358326770452,1.09462575069217,2
2.06333462862898,0.363668228833071,1.6371301517078,2
-0.898289222061894,-0.26444008098333,2.580710659021,2
-0.895911407785327,0.69693681754307,0.474424228367836,2
1.91301878696309,2.91463531143796,2.47694283438336,2
1.34602985900287,-0.514427084094436,1.32317724438341,2
-2.53265227967871,-1.50394098236477,1.04009036582058,2
-0.0149856394519159,0.325939382523039,-0.186394486619651,2
0.310309799952908,-1.16019199376449,0.50592972736424,2
0.114222205164787,0.0814461955506991,1.06609499547498,2
4.02206289589096,2.27882753720375,0.99279852613163,2
0.952870629402002,3.08661506893458,-0.18780512136199,2
0.7068064152975,-0.472139808642133,0.773279849855058,2
1.97300304216892,0.683251790454021,1.78056817301492,2
0.978035694713996,0.3112817079921,0.506245458825271,2
-0.770397014771087,1.01017888466504,0.619449264184216,2
1.13384891290908,2.60505657867111,1.22462460235096,2
0.912617236297622,1.46632936552296,2.1686897720241,2
3.62213629872503,1.49212429659137,0.285494522212763,2
0.547888012468708,1.80640375059096,-0.131637712945678,2
2.03306443863006,2.09313703638828,-0.29516781227006,2
1.77112642836191,0.908456539719729,0.775257860947203,2
1.03883205421296,2.20362241513794,0.604864735736198,2
1.89887104472215,1.67016825190712,2.80799348116941,2
2.04937259632232,1.76935812802085,-1.23124371286443,2
1.05987577079404,-0.160196115794655,1.5358815204261,2
1.40644661572731,0.928682349854697,0.925651233766414,2
0.5887074087951,0.975809318437515,2.06104662692198,2
2.25897954126248,0.943397164723074,1.75565290622202,2
0.599994622708549,0.122895639466226,0.678335191433613,2
1.41413158176795,1.76566321463488,3.18708191920388,2
-0.0765670583013509,2.30808439112706,1.85906300781756,2
-0.294408243459027,1.58470756497964,1.62827158754341,2
-0.654424288594283,0.290534344343355,0.804550109290678,2
0.0231655603156853,1.90580968828134,-0.629139180829956,2
2.40173707501313,0.684519274304233,0.497402326575276,2
-1.32012856201493,1.08811067469839,-0.889840601269641,2
-1.07020653599858,0.12374629088051,1.99691615625697,2
3.30934170312772,1.63941690183498,0.684996118270022,2
1.90846817578499,-0.194272983057898,0.113315501772073,2
0.661706620269269,0.764963639413028,0.568676706773574,2
-0.452183997790885,1.26421841861908,-0.078180917002322,2
2.7880498758793,0.268154532410466,-0.735477940594336,2
-0.660267001706097,1.05249085730542,-0.566419733716474,2
-2.399380829172,0.0912975562014599,0.239045909491809,2
-0.837422340181277,-0.511189725897413,0.309969611237912,2
1.6747207570471,1.77873460163895,1.16801945130942,2
1.14170747212327,0.458976781726205,0.939367369251358,2
1.65594958154516,0.493698315199497,2.38817810506134,2
1.25292030808568,0.295085884428622,0.854037681914875,2
3.52340435676794,2.49659987348678,-0.728093107097787,2
-1.27212602887738,1.34310629185494,0.294767210698309,2
1.54650559696987,2.6436240850345,0.635135957690599,2
0.499013625110346,0.720396061140906,1.55124270001563,2
0.1612587704735,0.836783489992133,-0.406424534989992,2
1.54686662657201,2.12033528201159,0.415670409544663,2
1.63395154634531,0.682607397019287,0.124860230777194,2
0.951534532008792,0.196914526522709,1.72710329245514,2
1.53948480565419,1.60968850958061,1.93229263842331,2
2.4591501247456,1.8939012889341,2.09220354262378,2
-0.774992168064102,2.2908318633832,1.2995254165077,2
1.8399351770013,0.751240981816772,1.20672531823375,2
2.46910052010553,2.14239268794156,0.668175940404281,2
0.0896392451121188,1.58138760294925,1.1085657917673,2
-0.654065153110894,2.21368843459252,0.159620482150649,2
-0.275637367866937,1.14781793646376,0.911116097615681,2
1.09196396898657,1.00332295920472,0.327558457991769,2
1.39158548726574,2.69556698899489,2.42552902002442,2
-0.188218800489879,0.994233458021639,2.92993821935391,2
-0.471752636739145,-0.0136298263757295,0.766711376735716,2
1.83970672086977,2.13007789255433,0.657561089581321,2
-0.430181691820874,-1.03813508232669,1.06964052442647,2
1.04011305962625,0.665625429241228,1.6513438534015,2
0.732111088272464,-0.192867245411659,1.81632023564868,2
0.00405389060190231,0.552304826988318,0.253964456135704,2
0.311702001385846,1.19472785274511,0.371626677145219,2
0.0169730515415195,0.0557846732025891,-0.172529366269095,2
0.387911316037599,0.497262093716631,0.991249114657165,2
-0.190052935495455,2.48345451915933,0.182041722152533,2
0.597640609176348,1.3264562709592,0.797326583092482,2
2.81800098433011,0.896377026747115,0.856971321984233,2
1.74947114810637,0.604373365389114,2.82673074266477,2
0.00944684306242882,0.594533030867732,2.03097749000825,2
-0.397243398161666,1.90592995953331,0.226933188958352,2
0.745845948844312,0.893812747395296,1.33783436349187,2
1.83338068199713,1.10916635046281,1.86736581695829,2
-0.226970694528966,0.0877236056899507,0.702063956605301,2
-1.47243079496309,0.456458748178869,0.790479139000231,2
0.667503548736405,-0.580092497499653,0.604653898228644,2
-1.03682582828291,1.28334362529372,1.96664091222966,2
1.63568355021399,1.08230304725445,1.37542217570384,2
-0.445880688768177,0.283019143195233,1.49893619662096,2
2.26395293058204,0.331638384216236,2.01163089116071,2
3.14337841824991,2.31242900900303,0.477474428645697,2
-1.32102928873877,1.37474427433919,1.09914197961975,2
1.76222662890734,0.404933052746671,-1.08668619910968,2
-1.15577912119339,0.740285443478538,2.11626933365553,2
0.895109758531911,0.676091342352749,1.61862486763131,2
3.02575546948372,0.7339401218767,1.90131018663069,2
2.63559603502764,1.76356001163306,0.957076608403839,2
0.156169291560931,1.32518656214263,1.96424236611824,2
2.09966418625875,1.53645814389863,0.0693602856393101,2
-0.544312832865835,-2.00967255037954,0.405872630209428,2
-1.98956190770619,0.441630680585685,0.453151166124751,2
2.28683126125473,0.859260171840769,-0.0745693519425918,2
1.22353722217571,2.26398027457667,0.793536138912747,2
2.71773422015402,1.55910353842551,1.6476216532649,2
0.695717108022099,0.836657183531989,0.824969509616155,2
1.87152676948096,1.26461739209347,2.30223127511634,2
-0.238553814659282,-0.787443689529529,1.63791589045668,2
0.86272610327459,0.561869921173332,1.20812035879696,2
1.41820780657813,0.378022421361607,1.06160374234722,2
4.28971514673814,2.98180276889932,0.314319234107887,2
0.110310522577831,1.65354354556483,2.60283876555865,2
2.32338621223237,0.490634324004309,0.648151225292897,2
-0.186420112069262,0.0116299836316355,0.708446084972823,2
0.467091025186601,0.819928118182858,1.20491701544671,2
-1.90006824250166,1.46233956241223,1.72556304454118,2
1.87055725855199,0.0578846676319,0.851360787100816,2
-1.32510026070304,2.17636417355444,-0.0141361083491942,2
0.687417721709057,0.0270989112003108,1.82046731553612,2
0.773090711249359,0.465416144899508,1.81857825365442,2
2.57858480470173,2.0704856342253,1.14839708105833,2
1.74000590957315,-0.232126224839387,0.638337432300515,2
2.35436218344523,-0.2897606029596,1.09656930541381,2
0.429246410118872,1.78402702860326,0.595934847519409,2
0.704784949707284,1.99046949276798,1.67686701109791,2
2.29062909566556,2.46541344549329,0.846424986483324,2
0.680399306633652,-1.52326581354383,0.93808314953404,2
1.02297729240091,1.48894911409241,1.21530354041014,2
-0.463046895252174,-0.598545871324378,0.688900732864762,2
0.440245804941332,0.832608364738152,0.0711547202993745,2
0.374721813566876,-0.913418671361092,1.81274659584208,2
2.16799729811658,0.239985648459814,0.506986991020777,2
3.29869028592424,2.73459275731172,3.27939235232153,2
2.23911331862026,0.940531368646176,0.690881569103958,2
0.476294338319466,1.90099522954368,2.13708333224695,2
1.97246046582271,0.47534970170815,1.10469031648829,2
-1.18249462141304,-1.53812755244204,2.19200223469821,2
0.148509003744158,-1.30289599341063,1.37148810349137,2
0.901794890301893,2.0998728334533,0.411880938412569,2
1.64649423873263,2.11194991350883,0.280355206468684,2
0.365332284806805,0.440097648247915,0.507944084206022,2
3.06144941696746,1.85178472745816,2.15335162575884,2
1.53905662730001,0.539020777567767,1.80908610995218,2
1.64304598516928,-0.0515602175627157,1.18299124447837,2
2.1866366020403,2.2169154555659,0.81745221256208,2
0.348791401546553,-0.866539681607916,-0.622701954055979,2
-0.705454482908485,-0.14569805532052,2.1448749625387,2
-0.403716352998413,0.391248930682688,0.0940714264448909,2
1.01356575639051,1.18017339318743,0.946762249375443,2
-0.339459496013814,-0.888794684304191,1.328717552247,2
0.454934990196192,2.6967386732516,0.249395985009149,2
-1.99593096283646,0.151339643087337,0.255469159055206,2
-0.169942675508886,0.320431901487146,0.527903187397191,2
1.65303571152791,-0.471168739795178,0.590662884018634,2
2.32414629985285,-0.299986093948547,1.21755989387315,2
1.13125897002102,1.04492686826565,1.76369062726015,2
0.755382312974574,0.866984375028058,0.0935085983568675,2
0.392274385378802,1.44074405006302,-0.344026898010045,2
2.33694723027911,0.430891576616545,1.51667585220904,2
0.985695262646122,-0.249855904117136,0.489661184898574,2
2.02925255636092,0.426839020155927,1.81567823240961,2
1.05964350341662,1.09144083809739,1.3263189404074,2
0.568281523155179,-0.175162063352361,-0.16146237977552,2
0.286289802529136,-0.0915305611001163,2.15179173191246,2
1.22390946017382,-0.0400881740591503,0.974552789933061,2
-0.147814129156528,1.13031952980795,-0.134236153634477,2
1.66927549424053,0.500890458816737,1.21556809855835,2
1.30470197185798,0.709866824991104,1.50165689718377,2
2.66564781669564,1.54850227287358,2.14289902717779,2
-1.35197336705754,3.32842164180071,1.60294640638487,2
3.01574762614748,1.10462257032422,0.603113901292939,2
2.06375055979556,2.19395501858502,0.687096740421625,2
0.547406399507284,2.4280858620014,-0.939945685490958,2
1.03819761334426,0.00910850080302672,0.870553537558068,2
1.11673626745002,1.24495523150837,0.548846125875964,2
2.47672602326864,1.7087393840362,1.87500733388464,2
2.47082378328676,2.35529238827767,0.325598720782771,2
1.98040643395328,1.0905658649045,0.287372900724161,2
2.81262996915476,3.14064974463613,0.853455663104854,2
1.45171992454857,0.0575529869331342,0.205820089781987,2
-0.380624248380602,0.622827077768178,0.405954172955103,2
1.57991528431412,0.344287829860761,0.99316673370323,2
-1.28084310505299,0.954592379793549,1.34161613361302,2
0.747148178602539,1.83987706742284,2.11182223521941,2
1.22041255350761,0.575658949058438,0.684661061648217,2
1.49841833358135,1.3405180358421,1.26648005720228,2
0.938660721065499,0.721158625491673,-1.097606108056,2
1.99485314374101,0.568674896948298,-0.327793570262057,2
0.82519657786224,1.34012792872939,-0.240799560829996,3
1.67863890314121,-0.520863340252515,-1.58034266710454,3
1.87157832817648,0.172598184956772,-0.779527280472071,3
1.41477050868681,0.30949520829922,-1.85801640686342,3
0.15850479700023,0.380350475742788,0.36732614939083,3
1.66808269424722,0.813776841999919,-1.24462687879426,3
-0.153854761914773,0.708093536010904,-0.896359945767991,3
1.68027008040649,0.50662135901704,-1.88163203584907,3
0.979740748593194,0.829282239683842,-0.69576989962777,3
0.107440544932602,-0.588135979211229,-2.96706293845246,3
1.98588235522909,1.84548990346785,0.895073589718363,3
1.16564082226372,1.41120139649317,-0.712316044704871,3
2.69703817197079,0.535194680134109,2.33084619102381,3
-0.207988503375541,1.78636048646198,-4.0857741706616,3
1.45826639048321,2.83389907231323,0.200278899704208,3
1.30876376891557,-0.403643452661577,0.0408969246246762,3
1.67973302136737,0.838638468002399,-1.29499190462749,3
0.692189031519781,1.1488102651078,-1.18677131737386,3
1.3208944352638,2.08369717663454,0.659832748916325,3
-0.204602771173484,0.635638394185395,-2.67256654340157,3
1.10014285679372,2.31042708548289,-1.16404161499558,3
0.0252475661373442,1.89448186185817,-0.83290177284386,3
0.572008360250928,0.757715421998916,-1.23284887703897,3
0.573851807744436,0.196903710788291,-0.756305119993375,3
0.367659171194894,0.881870507167763,-1.1599873346714,3
0.398576654576502,0.64056006345162,-1.77384278252754,3
1.67157453564526,1.47023462439238,-0.197181170576355,3
0.82298119607018,0.504009281291247,0.166060628322067,3
1.21957843694429,0.330640264909614,-2.60960996065023,3
1.63816431860344,2.64172428193681,-2.60524060801356,3
1.1266937686862,2.75543428891035,-0.422113719751933,3
1.026671576231,2.90243503480798,0.249625372336665,3
1.2305512749969,1.41179178988358,-0.203063932106946,3
1.07208518467564,1.14716300389285,-1.4584909120141,3
-0.197458539493131,1.03317328660865,-1.93472020810725,3
2.03178571973512,-0.180463480702642,-0.428585063498624,3
1.33021620808531,0.0701484894011679,-0.978805093081945,3
2.41382315037937,0.524883426310267,0.466977806816521,3
1.55674376443076,1.78957200790007,-0.111680065531974,3
-0.322389850309296,0.650310241354837,-3.15082369500499,3
1.67425004161548,1.46104814998669,-0.694078352988352,3
1.41060786900939,1.10310536405435,-0.0653737047283133,3
1.35221250099369,0.568112664930384,0.865816043136004,3
-0.112190030397298,1.96585664996681,-2.37135109966234,3
0.180909077028616,2.11418713829194,-1.98430880837036,3
1.82590728053368,1.02711477545829,-0.257722531484153,3
0.939163817488883,0.298395417763408,-0.360393733897307,3
0.595905929572079,1.02241039675354,-0.623252559453414,3
0.577504584614938,0.245978666783757,0.790110514680297,3
-0.479635838029048,-1.53595226197837,-3.39600183226561,3
1.99996444577383,-0.304702454996953,-0.733895123565611,3
1.76246286103085,-1.4772132000036,0.147336074187965,3
0.645704342158197,1.91317130598287,-0.165469433428204,3
2.9461101855336,0.0842899770605706,-1.72492587469654,3
0.577530833888645,-0.0321357835934331,-0.769322226696101,3
-0.413843928254359,-1.17076295832662,-2.57486216307799,3
-0.595055682386064,0.618390273767004,-2.0859378018471,3
-0.242435324579787,0.732190270954267,-2.19287079201123,3
-0.469590524885346,2.44022578264892,-2.34495951363585,3
0.542798079656569,0.801194972785144,-0.421083868188499,3
1.03704473220581,1.29786282359176,-0.664231074312696,3
1.86675914809048,-1.01364843014575,0.670770580723425,3
1.14344329867543,1.78273268485334,-0.311749774523858,3
0.931203165890168,0.205185984104745,-1.69330445266092,3
1.21556853052061,1.28875091842638,-1.0002239757942,3
1.74604564737268,1.12413272480576,-0.486679191610176,3
0.658566465456904,1.9133808564019,-0.0585208899543854,3
2.06798063466189,0.762637562237347,-1.6011514003513,3
1.58064501765284,1.4001792165026,-0.295799588161364,3
-0.164196955832007,-0.766966133739955,-2.83537841450202,3
1.4052268354787,1.48567766374813,-1.4017470279761,3
0.573979414483674,0.240554422524329,-0.96260477675641,3
1.01654292176969,3.24236846395624,-0.307879020961012,3
0.172894416102074,1.70032092515334,0.899366791425937,3
1.41234600667302,0.88207225598409,-1.24627145564772,3
3.03555656811576,0.341843561002641,0.127742810319521,3
1.96538502686831,-0.116418265411681,-1.07266766827226,3
1.1735451240289,-0.167169141030026,-0.817420120990937,3
1.95319813352911,1.04653150270617,-1.04213298392845,3
1.23834318687012,1.43448980504488,0.510031709432823,3
1.43822697564679,-0.74981844567006,-0.050515646614547,3
0.458475839801204,-0.224240906341346,-1.23183205022936,3
0.75394932469501,2.05418349791552,-0.901107646122654,3
1.06384726805772,3.24807195237161,0.390252216080977,3
1.36876393796491,0.105398451295354,-0.426010352608179,3
1.33894883054333,1.69961131054975,-1.57207425291879,3
0.556099714405761,0.558662080405257,-1.81328814062989,3
1.91423799862985,0.443562909407556,-1.45686577436917,3
2.11296589032095,1.62721659367223,-0.510890088419581,3
1.9742605794113,0.687240022539875,-1.69107231353706,3
1.64533959254415,1.97760538711845,-0.338071556037116,3
1.67369289824104,-0.439859373010587,-1.38674963137997,3
1.33832389589777,2.62084889430818,-0.313439920905421,3
0.291396841502214,1.29456975187795,0.548039208779554,3
1.43209874987859,0.261760366638812,-0.62581782827753,3
0.275526375056083,1.91544809250244,-2.99198553934026,3
1.95017208077903,0.785389581411763,0.47372079125481,3
2.34670237635139,-0.00127600099514136,0.368542913410952,3
-0.300357326328275,0.102240246846591,-2.30427042718138,3
1.2439785016636,2.82078730525526,-1.23200663704354,3
0.0964046281045847,0.735482073316444,-0.334257815146975,3
1.7016099322322,-0.276155588733405,-2.09175273698854,3
0.720693208231528,1.31978549154362,0.323145612177557,3
-0.574340981090767,-1.06967221247276,-1.27223923787058,3
0.276194774149961,0.722796788952839,-1.39609081780539,3
1.42575690150731,-0.533393576539891,-0.356096760617261,3
0.879219016428822,-1.48649214656959,0.0633030517718762,3
1.50099769188017,1.46031765344431,-1.76091006023327,3
1.5428355395606,1.28645700476083,-1.24278952316085,3
0.833479147224936,1.1732215413641,-2.62072612457376,3
2.56568226948599,0.634353663275671,-0.515120539601128,3
0.518246090362901,0.17395516816566,-1.12222376367502,3
0.694590151991536,0.923652914379485,-1.78881323066809,3
0.10190946179931,2.5831280676499,-0.171313340241954,3
1.35005338567223,1.85134647636288,-1.29111933739646,3
0.763305054437985,0.917084485158504,-0.343958240250548,3
1.36761981765029,0.237960308142136,0.557619226087286,3
-0.819113792499553,0.225671334975044,-3.19064593334447,3
1.17916025115637,2.46936373292472,0.38389078815449,3
1.61443478995535,0.444630112891278,0.0718847234335385,3
0.799127666990022,1.6189535207109,-2.40485224107132,3
1.77664212545282,0.723094448516951,-1.30845901891895,3
0.581974557719711,0.343385229228636,-1.22593678121652,3
-0.927983401130961,0.0595045854047792,-0.896182603070534,3
0.729483588405924,2.80542440325581,-0.754678137240857,3
0.749352886472292,0.716848406748746,-0.790338285467631,3
0.59013456793194,-0.37091563635807,-1.63398522555906,3
2.48565687711921,-0.352902278342903,1.08390389887951,3
0.89647769083386,0.525820031208964,-1.98711796104762,3
-0.672543565967237,0.92203513185626,-0.0325382860253272,3
1.18139779750532,1.04368655685692,-1.26884294857616,3
0.946359258781787,0.843119642984054,0.78619990051134,3
2.5394816587988,2.04236250136028,0.251337788244442,3
0.589567210884395,1.48980271222993,-1.56991663256285,3
1.99892333515162,0.540402001118897,-0.741831634646874,3
1.16397116758744,1.8224940008915,-0.258264098132792,3
1.2662480135991,0.361202884651821,-1.09865497559711,3
2.07286929923949,1.00818773771404,-2.34043151589018,3
1.1719284857406,0.947052098402471,-1.33930220055588,3
1.34242434479159,1.08778143864351,-0.450946030783601,3
1.12002707150015,-0.542981676227559,-1.03029444097672,3
1.16816829218976,2.98133554930481,-0.674481570046527,3
1.98747136451605,-0.0567707568283384,-1.83097838315532,3
0.185729314739595,2.6572566181155,-1.14219407626821,3
0.105278509093465,0.314119788257901,-2.21100799582933,3
0.303866030451559,-0.735539183243628,-1.89506615745242,3
3.21340759691937,0.627502479754191,0.189674703571137,3
0.930886501308393,0.000526976564021897,-0.898633262369328,3
0.995485551563629,0.024526960365296,-1.70011472609706,3
-0.25010682060483,0.108405196980764,-0.881684086206878,3
1.71035024799498,1.13895816929836,-0.565586670063879,3
0.683109817670457,0.136984398150551,-1.95243610109379,3
0.727319265960864,4.57031732691051,-0.373188215422563,3
0.897125693905928,1.0925645828032,-2.68535581483533,3
1.13275499542859,2.52388668259361,-0.916680673393756,3
0.929397976973674,-0.0120381351063683,-1.28122350836163,3
1.40680728868272,-0.699003644996325,-0.19709788455459,3
0.059781351580636,-0.353692010475896,0.622302874268629,3
0.900919388234754,2.50525892674066,0.0983649482211444,3
0.742444546712219,2.49002858118137,-1.46603298107239,3
2.44045786952405,-1.68071794683487,-1.43786212945308,3
1.27118097252755,2.05160296169472,-1.76495728265593,3
0.672464067437195,2.33335642323199,-1.92355557675214,3
1.27032688232087,1.64859684940538,-1.27498471823977,3
0.430559472661025,0.940990384851167,0.816279715184751,3
1.65357826284941,2.07845157501097,0.604927540795216,3
1.62879080952416,0.662002835385373,0.85178888460585,3
1.69505151741975,1.13703931724738,0.482282342024317,3
0.561263406838697,1.57927627086051,-1.6958585471339,3
0.718760284813355,2.3064458136962,-0.316002788817135,3
1.53746608014621,1.01854158820267,0.278366512504564,3
0.845065462878958,2.75426246693769,-1.74632030528801,3
0.679320034943105,2.51031364395124,-0.836501857621915,3
-0.124630370812254,2.66450993607513,-1.49303838817618,3
1.84056265640769,0.599840407108753,-2.73631254825092,3
1.24808088122673,-0.0616776481990171,-1.1491562617358,3
0.833297078443653,1.17774890199929,-0.83111361543457,3
1.90521608446299,1.80143696442086,-0.463987726057324,3
1.42388207271183,-0.216028851717356,0.263091606617056,3
0.697497216215649,0.873291053166398,-2.25716181687855,3
-0.239169153076032,-0.247313393696759,-2.41208256290901,3
1.81281588714834,1.74920958542612,-2.14702200166184,3
1.96504005937268,0.0406800056713809,-1.36355991229946,3
1.12417274404105,-0.991576974605236,-1.47881639226935,3
1.88164361870995,-0.726215854993483,0.901559903838937,3
1.1700961053662,-0.0535584544670815,-1.55710319250959,3
1.23543837724206,1.60209152011254,0.548934378391623,3
1.09865995181422,0.998026520222586,-0.0543701148614461,3
0.622235738492326,2.11270522761013,-1.24684060158005,3
0.912988591991304,0.69570632510485,-2.32674962822177,3
1.51017986442362,1.88648805221162,0.212765018339051,3
-0.374301833604212,0.377872366137723,-1.71232252359929,3
0.679582992465309,0.475629036089389,-2.65586210805156,3
2.25592003300726,0.576117920089936,-0.315731981516552,3
1.34111810738332,1.2607749409477,-0.796603294429459,3
2.3145316353781,1.95921807532782,-1.19312340278861,3
-0.321313172404222,0.629899040718757,-2.90280302022146,3
-0.0898070481696471,1.89393416701934,-2.11142154123522,3
0.994532151605167,1.49330922249071,0.691799149995654,3
1.04522940428269,3.15784850374998,-0.374389156478002,3
2.06231083301787,1.01767017974734,-0.496974608313335,3
2.04765817496295,-0.550078781630616,0.20065204239433,3
0.499231201503774,0.49448180653344,-1.27731931019164,3
1.47783313085017,-0.500925290307874,-1.26933256247057,3
1.71698895738118,0.571765253568047,-1.23444001949137,3
1.64711500009973,1.28558160631621,-1.06549095751715,3
1.0473301768093,1.99526138981182,-2.6992313443928,3
1.98314866410056,-1.1080045160704,-0.659130396162677,3
0.410178423716756,0.611995327952812,-0.546661520253252,3
1.47484692722702,-1.33075336517787,0.825581677635975,3
2.59441440843176,1.35696310073792,1.71337048250504,3
0.396152361438486,0.275841533850243,-1.26346537285082,3
0.54938067267401,1.07302831439757,-1.85883986265396,3
1.25725864893746,0.934659479269199,-1.24080269001991,3
1.0422665546567,2.16093031842836,-0.19883461885789,3
1.03805662032009,0.845750682312011,-2.48953234425955,3
0.790723703821671,1.47312403927852,-1.97411558489994,3
1.30603437302721,1.3520092938521,-0.771137663953118,3
0.250985219813475,0.789683391833399,-1.31660654820816,3
0.90216250844103,2.16240870807404,-0.773500949918318,3
0.98897133839478,1.17859792587239,-1.35183694056125,3
0.135365982075738,1.73786812605933,-2.76179528099525,3
0.403081053811198,0.75722219349903,-1.00713391096064,3
1.75799720393217,2.530244410599,-0.356720420271517,3
2.94073005250346,0.898439098654215,-0.138011937890236,3
0.843089162096138,0.229548805319715,-0.0791491293180148,3
1.61860757348557,-0.782773648670405,0.274159750259479,3
1.34273541973011,1.40548742534631,0.100259400913102,3
-0.250118547088766,0.736215154474967,-1.41871626466146,3
1.3411050429629,-0.0990565608199705,-0.911751856991823,3
0.775425008807694,0.125899783149806,-1.88145331254646,3
1.89285220303438,1.50241246305223,-1.07182474395601,3
0.390501277039765,0.723682824211009,-0.672098323178056,3
2.12625530416644,1.55064880343098,-1.67937986249023,3
2.01638522992774,1.22709309444533,-0.280008584494992,3
1.97608414377865,-1.1045800605932,-0.7435202087477,3
0.684850206128235,0.491860563487937,-0.869657437916044,3
1.87190919963158,2.27502868544263,-0.0463741996730823,3
1.11670245881243,0.479911215698602,-2.59768198191859,3
2.0019140369835,0.837888656398408,-0.766693812551886,3
0.769147835127889,0.569564511904358,-1.35174194238651,3
2.08655833583075,2.76092703471656,-0.608868153410171,3
1.08927364108974,1.74720076091534,0.0388149422438302,3
1.96052628755948,1.46083518978788,0.0416905773214025,3
-0.356998252607444,1.94462742870653,-2.3717820860234,3
0.519479146700688,1.691980896131,-1.14163989105579,3
0.621343843006108,0.997794686258125,-1.78970838602425,3
0.964096872725488,0.701269649167258,-1.17156951088856,3
0.295710469079438,2.17286544979229,-0.52255353629671,3
0.53697878312711,2.34741811234469,-0.781669071150818,3
2.53184085651134,0.527778469942159,-1.38993650833433,3
1.18793247872831,1.97682481112334,-2.97295273356707,3
1.11843938392442,1.2052386322078,-0.223661846068522,3
0.280884679854737,2.45180775744146,-1.3317261057521,3
0.544362923634183,-1.79299310119883,0.314872940631862,4
-2.43178478087593,-1.51873726372451,-1.80088575951234,4
-0.912963309521641,-0.968297032773475,-0.952080931750643,4
-1.93200349148051,0.848135009157781,0.180729933082876,4
-1.21769647814746,-1.47597325728315,-1.98957137740945,4
-0.418879247858307,-1.22791405999205,-0.938233122054677,4
-0.479790362629303,-0.425780416548031,-0.553937452911572,4
0.0645762178383882,-0.229145026075161,-0.563364905825256,4
-1.11753270169856,-1.32900500978678,0.224111109264502,4
-0.992454890954609,-0.206871634662671,-1.45296920306709,4
-0.484229773482807,-1.06827573691621,-1.20256130039932,4
0.000577298940056981,-2.26460004843285,-1.38215499763939,4
-0.371593248956734,-0.0467419224134135,0.428851099331975,4
0.456757639668552,-2.99236073019061,-0.0210439567813375,4
-1.64352256344197,-1.65625179305735,-1.28572810056563,4
-0.791407985503866,-0.305945083530321,0.279777856414936,4
-0.146077086333956,-2.7067395262564,-0.680157841731768,4
0.0590360919495299,-0.468835305898614,-1.63559014632737,4
-0.0943157962435864,0.438317235359057,-0.39716243499472,4
-1.42251670443968,-1.37958933466714,-1.38923149001611,4
-1.81969081404638,-2.22420299058066,-2.71761999001099,4
-0.744992949723418,-2.10272924793657,-0.718472850554175,4
-1.02228835695478,-0.987376003159284,-1.24703219934066,4
-0.945823836391225,-0.413434977757634,-1.71625712441522,4
-1.54112841636041,-0.695049009451285,-1.45269155727739,4
0.233083755068044,-1.38031104819189,-0.225046197672464,4
-0.810427920064759,-1.90201913853072,0.174625082253852,4
-0.658367313900396,-0.196622455339663,-0.31943349876629,4
-1.77277222222648,0.114367740916134,-0.473294596877061,4
-1.47081939251177,-1.95131057727433,-1.55791727434375,4
-0.510169568158817,-0.502152801076217,-1.19369191113714,4
-0.931267448869495,-0.899797095069761,-0.804850659981709,4
0.320825640445128,-2.4352280688526,1.57682059247474,4
-1.29945907747431,-0.944552620680372,-2.19287500531977,4
-1.70013678577353,-0.904260385266075,-2.14250982139882,4
-1.7475739535729,0.139098735778959,-1.49342698279977,4
-1.34154094884257,-2.54758257294982,-1.58037876297446,4
-1.55505207742476,-1.3178925312141,-1.63371967052264,4
-1.32347268059351,-0.904847349966998,-0.741910244386977,4
-1.97259010034067,-0.49728200392692,-1.03245160348032,4
0.3311695300077,-0.577835820855805,-0.626119638614395,4
-0.979084797858243,-0.396931012439156,-0.967280426964742,4
-1.8977214961846,-0.166184931769277,-2.67748358016613,4
-1.82338172986439,-0.968989736111542,-1.23407438718973,4
-0.685893649397917,-1.28642542052886,-1.13701585073294,4
-0.498131936296635,0.234727274011914,-1.37358902507914,4
-1.21895221845943,0.515186408079668,0.464789219263017,4
0.447606113230723,-0.952975578781923,1.22115135019944,4
-0.617519946499638,-0.174611056924682,-1.65707290699085,4
-0.732396409187842,0.34712046527022,-2.05427962249575,4
-0.603198178330398,-2.15495866289537,-2.05942848741465,4
-0.0519236797895439,-0.0457048751856146,-1.1741154975296,4
-1.65872666436926,0.079967901357437,-2.67400738996991,4
-0.980244115173449,-0.330773749448179,-0.140291394037651,4
-0.630303779783388,0.490651951157089,1.36429347111017,4
-0.0624667577139806,-0.4946439270884,-0.306691447671012,4
-1.7456489562041,0.0666430387796682,-1.71934649018248,4
-0.234486786409354,-1.51621694774449,0.818120737641461,4
-2.76462628976268,-1.44009140065159,-1.58789223340167,4
-0.935256399353902,-1.36498550099157,-1.81717205299486,4
-1.41158248157264,-2.41079288898873,-1.4324873336057,4
-1.72265895293284,-1.87075466201148,-1.18305210000909,4
-0.695242695120452,1.10433641736972,-0.389166113278657,4
-1.57562521839731,-0.528081746158286,-0.888044615375924,4
-0.520695349113004,-2.46779759931106,0.690714695524785,4
0.269427417815711,-1.03762260406343,-0.416586919822197,4
0.239672721718944,0.486889501475389,0.0429538044607036,4
-0.420979606553402,-1.99316793613461,0.222188153585035,4
-0.804812039329083,-0.864711299128563,-0.655746757292881,4
-1.11268133144967,-1.20983834344574,-2.99851414551411,4
-0.385600301230706,-2.0384350622895,-2.21688011365728,4
-1.81564810163875,-1.16101241640577,-0.0681681250757779,4
-0.920729437127079,1.48113835025941,0.369853189877396,4
-0.163731773351374,0.433229163003558,-0.338216886335908,4
-0.621077640687178,-0.680007297391588,-1.50986151920456,4
-0.841485172923178,-2.40999757711913,-2.88279228398125,4
-1.41730252634413,-1.32700501157547,-1.48694529701788,4
-1.58624562564105,-0.749906883375543,-2.49326292349439,4
0.282881982361845,-0.656030045159043,0.0653286038149936,4
-1.40406061520327,-1.20528587818573,-2.31050545305059,4
-0.545902972997097,-0.23456768085938,-0.669854402700781,4
-1.06858292937048,-0.875804325168199,-0.729037783002817,4
-1.64526513513168,-1.70852640238913,-1.69086225904639,4
0.476806827145828,-1.22416216430298,-0.945765842931892,4
-1.84873615607993,-0.981666355465633,-2.01462875103455,4
-0.915795059490285,0.135748808054688,-1.41969331715492,4
-0.485998872264984,-1.0790189670785,-0.697363310292186,4
-2.16487759035075,-2.21419641008306,-1.62017395209615,4
-0.24811119227074,-2.07162137464763,-1.63402334227278,4
-2.4039971130976,1.89515655725461,-1.34206295538155,4
-1.25636536164126,-0.383112672834148,-1.95605374906079,4
-1.65116343865217,-1.18607785557724,-2.28949975682117,4
-0.34627242657396,-2.70298386695269,-2.31765310628197,4
-1.83228594017674,-1.54931722635429,-2.96386085742317,4
-2.54355149230207,-1.43600354339594,-2.28388863439891,4
-1.32363207281699,-1.53719454456499,-0.744537684182589,4
0.154816822692698,-1.73447112208397,0.308868438649237,4
-1.92540279836711,-0.948294770553342,-1.92435736280132,4
-2.41493487793547,-0.0572790791140853,-0.778246027163811,4
-0.56956370376501,-1.08799241479823,-0.998692532829149,4
-0.712551894697697,0.406805344818174,0.436290825515532,4
-1.56086298510538,-2.54216065296465,-1.45343681417371,4
-1.85612804683158,1.49780077322705,-0.413332379367615,4
-0.616675461899335,-2.25562980734904,-0.231299771376538,4
-1.39874413532862,-1.68590841773574,-0.419500859499595,4
-1.21044949663118,-0.469578502947451,-0.947973034047106,4
-0.48878165046465,-1.68063782420364,-0.765006413448214,4
-0.808527797895197,-3.74444861491666,-1.32314564588391,4
-1.48495653584692,-1.59083567758138,-1.24701855352057,4
-2.04089429893647,-2.33362026810874,1.37916317145768,4
-0.747179001850134,-2.56953777188244,-2.93809364503745,4
-1.80290848421696,-0.182788679313453,-2.22243194656453,4
-0.990160170084348,-1.21756177194839,-0.467975072243279,4
-0.478388450689724,-0.336329718419741,-0.232521739712105,4
-0.138838384557422,-1.2652322786518,-0.945255802373364,4
-2.22825684440855,-0.602545288735221,-0.308496349755245,4
-1.33773851470191,-0.259507780929523,-0.486435547461526,4
-1.41996264395594,-0.173528744436761,-0.453590899244287,4
-0.518217133536873,-2.13820445696026,0.500360211023122,4
-1.85985073778368,-0.96011954909422,-2.18885461681535,4
-1.56101527859897,-2.40864989306128,-0.955027216887986,4
-0.202931970874909,-1.68983937976279,-1.03424405515421,4
-0.67901695692966,-0.584440233468352,-0.804963666375964,4
-1.34735183819731,-3.26507186906804,-0.701432592685495,4
-0.740613000032964,-1.66545422100131,-1.39411474925475,4
-1.213282222549,-0.838908273452866,-1.40356432904798,4
-1.32325585709064,-0.181007506624914,-0.54976910522609,4
-0.706940797008175,-0.620865745686631,-0.724817387171326,4
-0.566122067569497,-1.42708223211592,-1.95467540468316,4
-0.241423382786248,-1.35423437484814,-0.0597067930562224,4
-1.83030486309201,-1.78042892673807,-1.54589025577202,4
-2.0086776831241,-0.0154792770571027,-2.58186769694583,4
-1.38804877869985,-2.87360466499676,-0.930167839555855,4
-0.727781027364748,-2.79667405347261,1.30331274416913,4
0.132242381250845,-1.30506857567864,0.482838265094047,4
-1.34464760127975,-2.1957382068102,-2.41146047068736,4
-0.836174673404113,-1.4036045591669,-1.66112723341515,4
-0.560070554652043,0.65246288959846,-0.700000417061669,4
-0.725564544721392,-1.47825753126278,-1.43595903201611,4
-0.13841005172014,-0.853029801807578,0.531888399432341,4
-0.0367920773729603,-1.30801326412956,-0.0447049233900436,4
0.128743358127674,-2.93949094416787,1.25061128494597,4
-1.24347278425543,-0.921868902256014,-0.970404850098716,4
-1.45056733598921,-0.605184699366975,-0.550399576797869,4
-1.76844687981888,0.1245486584695,-1.63210442729066,4
1.48397866430881,-0.278748485065798,-0.805733869060647,4
-0.821803736889522,-0.389161577163997,-1.90588981997485,4
-0.192923688485058,-0.0506525477239451,-0.671536514101414,4
-2.28972833147069,-0.75935025071936,-3.6700343260962,4
-1.67642630472044,-1.17486081834988,-1.46122130362992,4
-0.769848941989684,-0.786895922349562,-1.08401333037499,4
-0.834376784715725,-2.18587572013794,-1.36223203067028,4
-0.528655552589778,0.0788210391717863,-1.40265885188333,4
-1.24192047918281,-1.64029104363099,-1.45683057211775,4
-0.0857297612439387,-0.776793795754792,-1.69198133082274,4
-2.17394452808339,-1.68386362747254,-2.1622189400403,4
-0.373833076671162,-1.04059502161634,-0.629487596365211,4
-0.935089441341944,-1.49347114586734,-1.38135907298111,4
-1.2851061483189,-0.0276818986504619,-0.34253800737426,4
-1.66787827325481,-0.971245276495159,-0.290987701750914,4
0.329232952370471,0.0729809321703299,-0.839330774931525,4
-0.556191674807453,0.031845459389735,-1.28408201891526,4
-1.50184349796672,-0.790255293746596,-0.747254821737847,4
-1.27159574428558,-0.231691676448021,-3.42127526442211,4
-2.69922457223246,-1.4063648937372,-1.44475841524665,4
-2.19042125349089,-1.34744677778492,-2.66301203288138,4
-0.89897456286626,-0.343993260641345,-0.655023768214068,4
-1.65490300863037,-1.14290452883075,-0.766629282265486,4
0.160003137839266,0.166677334953981,-0.0103829227418386,4
-0.925388322883258,-2.59929557442341,-1.48596711831099,4
0.281234255840324,-2.45602604935009,-0.0737174078659909,4
-0.999048699530811,-0.673857083809669,-2.82752881434449,4
-1.76383830557409,-1.44538323084185,0.0543942816668121,4
-0.918324638462728,0.218206894714278,-2.48890543104432,4
-1.39439253274415,-1.00850045454532,-0.943969664720184,4
-1.42314978804431,1.12464716224763,-2.10185077094613,4
-1.28115230138085,-1.11217772154491,-2.73957103395141,4
-1.06815781046717,-0.831643472585779,-0.469928028405627,4
-0.855047718572906,-0.215305362443971,-1.2673312885871,4
-1.8946106034484,-0.765934668127529,-2.55159228527329,4
-1.37200063296882,-0.979484025102799,-2.42950769410433,4
-0.659454286787649,1.8613286871773,-1.28016182964875,4
0.319996091552957,0.132014248313391,1.42601309793195,4
-1.15929039171999,-1.47720848075025,-1.21385737566932,4
-0.300674742537052,0.274878830447939,-0.0891699683994095,4
-0.138244519537458,-1.60820287503999,-1.14145617632067,4
-1.42114490672725,0.276081679730895,-2.54990463410144,4
-1.67384944218542,-1.4087756613934,-1.35318674777774,4
-0.675834750692487,-2.88353282892909,0.534085213714607,4
-0.472763801159918,-1.41491630284581,-1.64357968943666,4
-1.18964220293155,0.401033195758776,-1.53688036410564,4
-0.974928414808754,-1.61204217451007,-0.474400982561994,4
-0.84479350300042,-2.19001672867472,0.188877520884317,4
-1.62112531602522,0.0545242437349696,-0.358883953300306,4
-1.00070950741028,-1.95425117309186,-2.63039871919967,4
-1.27182397860541,-0.231431632905242,-0.581108900323457,4
-2.57676501088383,-2.35034326616144,-1.79872562423785,4
-1.1981716415645,-0.61583759054929,-0.834133933661581,4
-1.13175538876435,-0.202324262944453,-1.05770307613571,4
-0.429764795718291,-2.07595351563656,-1.86387408889948,4
-0.857032904316636,-0.632510397194085,-0.267660969001236,4
-0.699885945533468,-1.43674928698993,-1.22592079011959,4
-1.24672753217892,-1.14011420774965,-1.49298267462706,4
-0.655505752974237,-0.345884523833014,-0.145692362077821,4
-1.02609342822211,-0.708421999083025,-0.799291477659796,4
-0.39115882872568,-1.82442163998977,-2.05416268757752,4
-1.74293819090612,-0.763847203385378,-1.15332078479247,4
-0.915799953767163,-0.996847019128318,-2.0788293004449,4
-0.791411349050636,-0.738022143416053,-1.40770163632963,4
0.591801521208368,-0.913654584201678,-0.96659052039368,4
0.0812950988450418,-0.562323618856409,-0.0106477249259392,4
-1.25049203983982,-2.65533499185577,-0.882653950650448,4
-0.32198799020569,-1.53977973739482,0.757279065846972,4
-0.94264582285222,0.141236337024929,-0.974377400906682,4
-1.5460766313537,-1.4159745702344,-0.568845737728535,4
-0.834945789280552,-1.79898848270439,-1.11369970072211,4
-1.96537929796662,-1.07272205940949,-0.44208072615509,4
-0.704054802108997,-1.09694346211676,-0.265505449773566,4
-1.76639424976292,-1.34274073075299,-1.09460888399014,4
-0.719509132433893,-1.45696939059973,-1.46868575690886,4
-1.34519768547061,-2.11764053948814,0.0594919728546903,4
-0.716866735515089,-3.04830069846184,-1.23192187836512,4
-0.262266928748054,-1.98074651917165,-1.03211007884426,4
-0.434508391481386,-1.91278654299893,-1.1557087355804,4
-1.06649949679216,-1.55278129559858,-1.21178752601942,4
-0.788409114279333,0.498176763978389,-2.40102040821923,4
-0.638488778929289,-0.537841901919067,-0.0116921608682945,4
-1.4922307422271,-1.07037215857311,-2.57513517815818,4
-0.201515485188945,-1.91067779137059,-1.05052686355363,4
-2.72757664636299,-2.08470420367793,-0.755331736566704,4
-0.587911495381179,-1.10633086417754,0.928081044770232,4
-1.41930766414597,-0.207038826989159,-1.29374073887834,4
-0.881202487805574,-3.13647851619115,-0.94723338086996,4
-0.597976620403236,-0.786596792935554,-0.495547422757208,4
-2.34028789752303,-2.53021658294281,-1.98525082212306,4
-1.74923307233768,-1.8039865860508,-0.290746736333961,4
-0.928924187079058,-3.17386182791386,0.0465444289474313,4
-0.311674684451369,-0.505016066049499,0.215874538085532,4
-0.384001243952162,-0.567232690907324,-0.879436360880778,4
-1.60960150895003,-0.296874027671739,-1.63639688743006,4
-0.54483899115256,-1.4488457526524,-1.5706559264859,4
-0.660578289789208,0.064040652315402,-1.03342987024896,4
-0.857941110476881,-2.47930953539335,-1.44530432330094,4
-0.583125233170263,-1.88507959090487,-0.554983710706535,4
-1.39273295200406,-1.36054319484675,-0.6060659243163,4
-1.29114581442514,-1.1042175638982,0.327410713050554,4
-1.84263773280233,-0.967639605555709,-1.93091303465957,4
-1.48231052793885,-0.585649817901891,-1.23707874360027,4
