-1.63866613636141
0.595509154375612
-1.44099986075256
0.560871748330848
11.7361977164191
19.6186761769334
-0.492357265825933
-0.109041450932677
-0.600937194367607
8.90757955709424
-12.0789975225111
0.756883905773733
-12.295930724
-9.04265524713332
-16.8717046968689
-11.3941300444462
-1.03453541274069
6.5803075020923
-20.5594776223862
-1.65657812045564
8.34597030970382
16.8639003739535
-0.0629999749068287
9.82085222844029
6.11919179524372
1.94313043914558
8.64354314269638
6.52860665187627
-0.338374293151025
10.2438194851417
-0.284695742048233
5.62127392028002
-7.45204669798431
1.09686908416518
1.18689577528323
-0.866524589538877
0.0649207373537437
0.377479849756247
8.88569629004065
-11.2940280885191
-6.73670321746784
-4.55316721510671
-5.0487459172046
16.0879679135283
-0.262622369372737
-0.398126673162854
-1.14167603763789
0.247849947412778
11.9177236754291
0.800931849173883
0.260291056422432
13.9543577665542
-7.23406058936961
0.236299489893905
1.44508045089804
1.25054598150348
-0.383056194429601
8.89598973519255
-0.771184088626599
-16.1599121358051
-13.0180202974329
5.30597371763171
-7.25942081619501
-0.0176438881586479
10.1784143168485
-13.3330867114832
-12.2067594817234
-9.61335575255936
-1.01448605318506
-0.363202008818606
-11.759202796202
-5.97360296032358
7.31813504123433
11.2916863519071
-8.13218759264696
2.65925357877684
1.12957737353376
-10.5343002549537
-0.536042372723955
-6.07536239775991
-1.58491386998283
-1.06844125933614
-0.803534973664671
-0.998832140776714
10.6602701517675
12.1486971096688
-15.4105953358418
12.2846995148878
0.199873269861205
-0.0116309602302355
-0.0106443908724618
8.54715876701986
0.447356319869688
12.7234151754631
7.02061428930548
3.45479487828693
1.02857432675251
-0.596315973185443
8.83841357765626
17.2359486297889
