4.16602344580642,-0.0760810867575504,0
2.93600367490994,-0.579751866153112,0
3.87894527504657,-1.16167009584385,0
-0.433198903351837,-2.44804252161303,0
4.12208051765504,0.100498320973177,0
3.60999053367119,1.02274112758964,0
2.94275960751772,0.67640448070673,0
3.50574505291692,-0.151498630450493,0
1.44356850758589,-0.8105537406629,0
0.999340512137211,0.856060051023821,0
2.96306332575961,-0.0512231676866809,0
6.06086777458076,-0.152093364424145,0
2.75704468451052,-0.0174327766573337,0
4.07280205348358,0.798922619320356,0
1.88641207122673,0.190342233220825,0
1.98925003520975,0.28820269552474,0
2.76321559104424,0.581865227816208,0
2.65781977996036,0.144269617846277,0
2.39862111372386,1.12228854130196,0
3.98548113332625,-0.00889583518884936,0
2.51255511013513,-0.20338002297693,0
1.71515171021037,0.0937141260094816,0
3.72466207938954,1.27389442141554,0
3.18920492754714,0.892291609420227,0
1.48499251844425,0.988166658401707,0
5.37061259586848,0.108109296410747,0
1.32775865419368,0.932018385637765,0
4.6584385768902,0.788697494438341,0
5.8691486341687,1.40834605003428,0
3.14947410775853,-0.429104967359126,0
2.67118849553531,-0.301046400879764,0
2.03551961557788,-0.218305785393518,0
1.1222713178759,-0.770169815817595,0
1.0158561451227,0.78379868955028,0
1.56044715010784,0.0925004660157756,0
0.957970363157526,-2.00110785037356,0
2.52551765726973,-0.240588119997759,0
2.47062586562964,0.00891366941592345,0
3.15954803332673,0.222284171145838,0
1.90896852382191,-0.49082546397342,0
3.18178062771713,1.01351597984559,0
3.89008033801572,-0.952015640585239,0
5.81117125891217,2.0726433153199,0
4.75644597144416,-0.314965698096586,0
3.42939244722493,0.318237852651604,0
4.35920570149525,0.23116553520264,0
4.50458830741499,0.158466402388787,0
1.34031204438791,0.225917802613573,0
3.82900298395504,0.125839601188027,0
2.58543679266336,-0.95936354830654,0
2.44405551092116,0.504906269198921,0
1.6381979032201,-1.62776736655303,0
3.75813693094669,-0.125554864776004,0
4.16831473730671,0.47439540270436,0
7.25872237769668,2.36614181362417,0
2.98158022506299,-0.332154894696351,0
1.55293634982276,-1.54339604453631,0
3.52701971287373,0.244327184448026,0
4.89835474450305,0.00638313101872577,0
2.94002551349514,-1.19291850881117,0
1.03493276590071,-0.502903932363219,0
2.65592366752234,0.91471325894147,0
2.30236768371855,-0.51317235142829,0
4.19900049056945,-0.908782847583489,0
3.61862535879576,0.526541095459193,0
5.05849030217767,-0.454354713051259,0
4.22089296693344,1.44245799487642,0
3.46292894754277,1.68052968675048,0
3.5596821811586,-0.804336739251223,0
5.80984107308902,0.37619024631443,0
1.95901163959534,-1.92039666496849,0
4.064753173915,1.59629532209642,0
3.39910163041542,0.324888890979927,0
4.09659844803729,-0.59203771517774,0
1.9627961009685,0.372804896057732,0
3.87654374834113,0.735842069758827,0
3.99309931134423,-0.12004508476795,0
1.36175641538769,0.261189160392114,0
3.87532138310256,0.343228215042392,0
3.021471874339,0.438826381824793,0
5.0135978288907,0.315351912150772,0
1.62904701073139,0.950162487466355,0
3.92929273007755,-0.823776364959721,0
1.52200916550671,0.0655103411494176,0
2.96587029695424,-0.166955762699165,0
2.75438890006359,-0.0967994182871807,0
3.58030757767892,0.169376093567482,0
4.71077953020463,0.185399988690822,0
3.61799837816268,0.0749351978594023,0
2.93208099087652,0.943824650199725,0
2.4892576130908,0.715597512781923,0
1.42489811524821,1.45141640648745,0
1.27031732535873,-0.242167605004734,0
3.99945584888025,-0.715994713741125,0
2.85548084101879,1.8594654689424,0
5.3900531863308,-0.417975929443624,0
1.25163153365845,-0.808792207708685,0
6.50577631273517,0.606125961759409,0
4.43510673982651,-0.494978740633719,0
3.51665254651758,-0.763154260242959,0
4.93339750413933,0.222541960957877,0
4.98217562282523,0.978341365194384,0
1.51151001548549,0.0729021757413345,0
3.06508009795486,0.175409113565599,0
2.57326080744153,0.617382132861699,0
2.41958358887236,-0.265563973258397,0
2.00511757240976,0.640213523268603,0
3.99682700759496,-0.196769631204905,0
3.6508439333316,-2.09334492144432,0
2.84209460659568,0.777876498927687,0
3.52363290334175,1.18891746843827,0
2.14299940552243,-0.243246331050505,0
2.57937145262233,0.435071569111699,0
4.32604629869944,0.522449349945479,0
1.51082814292158,1.69504010298129,0
1.42247778315402,1.15875071142011,0
2.09809532400838,-0.840151642591185,0
4.92266323624925,1.04928958264511,0
3.69181533208472,-0.196269253279619,0
1.26909732007008,0.94044818372995,0
2.25046869922014,1.27596852160843,0
3.85371641592765,0.556368680892558,0
3.16727713432687,-1.20876979642986,0
3.43776853139415,-2.49115169715047,0
5.69063184315876,1.98533744582913,0
3.02165187270504,-0.970922408158173,0
4.26020793781398,0.119861095260535,0
3.51492909478013,-0.594313587639415,0
0.362304987623702,1.26654425118893,0
1.45835139653709,-0.37745592792723,0
2.85435852463676,1.79406125516744,0
5.15629845572133,0.448272606263584,0
0.672746314080459,0.200253675892501,0
1.81283777067773,1.37251426566983,0
1.66093998390001,0.945588209899698,0
0.69088322824785,0.963746317680703,0
1.35437105333044,0.580051910826039,0
4.38124214460261,0.260324975115558,0
1.94344276199903,-1.61578666924199,0
2.68154212938524,0.612465299683666,0
0.546812516969982,0.0615448721753171,0
4.55732993737495,0.470452550690438,0
5.68438766904603,0.791920178190502,0
1.96926279650822,-0.601347850184065,0
1.62723651838632,-0.89127433434666,0
3.72616464807042,0.519655153252461,0
1.84117101341047,-0.632957262579169,0
3.32238088062048,-0.475580931095956,0
-0.71840821549307,2.18953642182371,0
1.83338131442778,-0.799779824638796,0
3.75948130330419,-0.779254175047027,0
4.25372273131299,0.824627381857461,0
3.30621972201141,0.00573693258985227,0
3.25335321475274,1.76715020547154,0
1.21970000127203,-0.13572909562301,0
3.4018743578085,-1.04790679226761,0
1.25089992876045,-1.5083450512686,0
2.89777763425449,0.00104738201168955,0
4.49098129112586,0.0459150833472245,0
3.32733588021517,-0.753017635080558,0
3.07990911482256,1.64458618826261,0
3.1985123187074,-1.76658991526052,0
3.48499064064189,-0.741751275444075,0
4.32786470523807,0.878327285708819,0
4.40747663766626,-2.32378750912041,0
2.11237228165397,-0.354659082309843,0
0.65910821544673,-1.7518296326903,0
4.28483698637936,0.575104222323768,0
0.73380655170189,1.00537549068576,0
2.4054986739678,-0.0969963720942681,0
3.19405746668839,1.11924497909423,0
3.89331060300729,-0.750998178412585,0
1.34847053954372,0.844628358573793,0
1.04105727668497,-1.79814193737846,0
1.19535017868573,-0.237476834597531,0
2.30397315964942,0.696239448128669,0
5.44664308886082,-0.339072330903157,0
2.53110735162966,-1.53397790079105,0
3.07608661557992,0.67272822871235,0
4.58169310971765,0.75041815528977,0
3.73894766256726,1.40722142150897,0
2.98639588918056,1.10866015102007,0
2.34173745620192,-0.785772313254413,0
1.30874653987468,0.756383342000324,0
1.08330101259622,-1.34582106262229,0
2.62072443851618,0.717624506865268,0
0.874194342413394,-0.979584089965563,0
3.17349914260317,2.19270609126295,0
1.36909386445802,0.46749978307405,0
1.89250455779985,-0.559175644075546,0
2.21449625023587,-0.628912326744271,0
2.18538471992325,0.0759333840766006,0
5.94404511435651,0.734562112938266,0
3.03821176595688,-0.0951229284415723,0
3.31898269415226,0.0994509351907914,0
1.30320119634397,1.20948223821529,0
3.7002113655268,0.176383903931941,0
3.30005084148979,-1.46787196628096,0
2.24043521789698,-0.905376485367461,0
2.99342834378921,-0.735711023208994,0
1.63068246175719,0.755953214269683,0
1.4899563729803,-0.799928971671312,0
1.68916622377997,-0.5617163000985,0
3.02229226654368,-0.904892514584495,0
1.93720352051325,-1.44053921793778,0
3.49106695586556,0.242383187034876,0
2.53146274503999,-0.79203665445927,0
5.38706051417318,-1.48619389120159,0
4.7921591861052,-0.967315736241993,0
5.04175443748651,-2.04027869331058,0
4.14038606968547,3.17954420161304,0
2.95672178025834,0.306817662681227,0
2.66887802140011,0.437412656621804,0
1.48741419824377,0.851624592087562,0
0.755459793633949,-1.04849239700057,0
3.68126681522522,0.203088451512472,0
2.43777533539498,-2.18279344957738,0
3.60431141199615,-0.131078600934418,0
3.07160703541883,0.935466593665102,0
3.92793923771554,0.119981427780956,0
2.54774825807335,0.841154516542096,0
1.67449788912754,-1.52732029952343,0
3.55631958536618,-0.0740736673765584,0
2.4438996022183,-1.19879747272755,0
1.8069521644369,-0.642980199489948,0
3.81139151754113,-0.263280689418802,0
4.32190507141008,0.324817424076246,0
3.16220126414106,0.106232452507911,0
2.1810435941256,-0.775245340939451,0
-0.149618811272984,-1.89248523552356,0
2.33657445254471,-0.983860465258934,0
1.28591250963681,2.30607458001373,0
1.99623431082595,-0.924983241629912,0
2.7975246368821,0.180219206965313,0
6.38188009485597,0.476747131625392,0
2.63534495847402,-1.45843977145002,0
2.14836478876546,0.409034991047637,0
1.53448680948271,0.784365014416539,0
1.36369311088819,-0.874821133897272,0
1.93506835797081,1.04091044194329,0
4.76944832856636,0.244540057466685,0
0.323862741664692,0.0505279740741029,0
2.20025083389255,-0.68011285934324,0
1.374224511866,0.773277015868276,0
4.3453673845606,-0.653085035924278,0
5.04546054154323,-0.771015592167532,0
2.41442290234761,0.0691350868488727,0
1.38014532637741,-0.356067681774492,0
0.857022657149112,-2.39644159704952,0
4.98509335824465,-0.781241958663825,0
2.15870210460909,-0.0659987117759558,0
4.29342521063612,0.283020586921518,0
4.4293398375493,1.72529338510853,0
1.10006936529124,1.15946349295215,0
4.39265018502066,-1.88206847654115,0
2.24148788609351,0.703039921871338,0
2.34675719707836,0.256414685462641,0
2.61178320744312,-1.10371158866102,0
-1.23336985806323,0.254880593532611,0
3.50947560109714,0.842342725849378,0
-0.259183782271401,1.58580773005981,0
2.29502003783731,-1.21240959989142,0
2.43172685053125,-1.78299608431942,0
3.60775912635234,0.975536268832879,0
1.05748290974631,-1.15293146257787,0
0.553203172934844,-1.68196681462596,0
0.817377195437139,-0.748709652474686,0
1.94341564590864,0.622088457223523,0
2.74749225118979,-0.922788703968995,0
4.79210737909436,-0.241777067762384,0
4.04552796361617,-1.47725566764547,0
3.09650594721306,0.663355099430864,0
4.16351610448931,-0.182552950362763,0
1.89319018511597,0.403660756317713,0
2.27734724504712,0.538616941246079,0
4.09328563964739,0.132480437319664,0
3.04789792453616,0.730987160383562,0
4.06698222600023,1.12583844365194,0
3.64853238986485,0.644909570237994,0
4.0498403182959,0.783375833894847,0
3.41000939497059,0.358296980381325,0
4.38553010808672,1.75014485558534,0
2.75317237206426,-0.0555130690584272,0
4.50857489345298,0.178276415322162,0
1.58012757802651,0.11452770294048,0
1.32586572507267,1.25437882458581,0
3.09393854702925,0.258639830113329,0
2.90783261980391,0.997195720800485,0
3.49253910257626,-0.76766286569612,0
0.27339409524559,0.806649145982482,0
2.83001145937738,-0.392099337382358,0
3.46542988321839,0.710984469659725,0
2.40490599844668,0.118305862617469,0
4.18178960279629,-0.306589704691474,0
2.43599162439855,-1.01753511349504,0
0.684412882024195,0.612428087248959,0
3.58005397508591,2.27297280374821,0
3.58751515442161,1.01978067210994,0
3.02010110792631,-0.675618375929016,0
2.75605198357726,1.41386681877714,0
3.18517394991499,1.23617747414435,0
4.17057656974316,0.843169671815,0
3.82031725078373,0.00394200807186224,0
1.61519831869604,-0.101122509857674,0
4.9335683656409,1.08933568778054,0
4.52587209444826,-0.690281298046139,0
2.59608179794015,0.784629484512698,0
2.80350429923145,-0.657941193029931,0
2.3141850092942,1.6595169738404,0
2.90341976750431,1.22327542562079,0
2.35673068983676,0.305995183087148,0
3.62149162606896,0.400020610685694,0
3.12736645734829,-0.755633162189227,0
3.64536141872592,-0.676961554546,0
2.48136839055122,-0.312405709491315,0
2.93250011188901,1.57005132351038,0
3.50850735996888,-0.329514146255362,0
6.203167706357,-1.93367062486275,0
1.43218261110569,2.1499505649171,0
2.42205001770519,-0.235807710817694,0
3.4299479702791,1.15025130578459,0
3.13825083847074,-0.889859614455891,0
3.04395036770626,0.588911210063177,0
7.85838993532275,0.962961183033829,0
2.95608420363003,-0.243748676017508,0
1.85246019620854,0.93358865517047,0
2.28159967048689,1.06870475451357,0
2.41641543628149,0.948163060182382,0
4.40752809190797,-0.475318185945573,0
3.65220142527774,-0.109623591156704,0
1.8324796509556,-0.7628438301146,0
3.37418456487043,0.182930395492055,0
2.66696033433875,-0.876100982928075,0
2.29480189696479,-0.84382709802583,0
4.26033847806427,2.74490456079762,0
2.09048481769747,-0.216982814969054,0
4.02819623937613,-0.379113688948282,0
3.70628985680162,-0.0802971070775854,0
2.74713438628683,-1.43327547526639,0
2.88418757666252,-1.87469165876762,0
3.04876564426324,0.33445207400357,0
3.50679025676911,0.214743690555438,0
3.3588330445443,0.791084977772552,0
6.15067860270035,1.40256301587218,0
2.61063586954472,1.1105981458705,0
2.37894216581251,-0.819844220306607,0
5.27377459677029,1.24358879035769,0
4.59025486162563,-0.137999663767972,0
1.83717674286361,0.140438368586625,0
3.36508584116226,-0.352681007046886,0
2.76704000061452,-1.04844241309775,0
3.21271819179981,-0.0130122114799325,0
3.6179679672529,-0.0299013112381478,0
3.62572162369629,-0.548608171549489,0
2.67569421885809,-0.462581431530679,0
4.38214126055162,-0.873507302206625,0
3.49115550281948,1.46853352333744,0
4.88149638110572,2.13624672385042,0
3.02229385920648,-2.00998918210812,0
3.00411713967906,2.26518782516824,0
3.12591658572609,0.041041047548671,0
2.67440800002348,0.657414755994095,0
2.70733104693589,-0.385761858874283,0
3.39976555910918,1.46510142019208,0
4.55795389627726,-0.322437905875252,0
3.51724262761946,0.74831923978822,0
2.75058380156513,-2.03516920253337,0
7.10625174318533,-1.09319344645354,0
1.85861099801706,-1.36215757206757,0
3.42618886740534,-1.06271984349961,0
5.13952614473447,-0.615181260072537,0
2.47277789841116,0.397928069480402,0
2.45799019556521,-0.304434091868829,0
2.00274255712158,-0.564781647343295,0
6.54864618380412,0.396724304915297,0
4.48598085072283,0.545529982431716,0
4.26806950573701,-2.2567106377737,0
4.89937417111339,0.277164467349745,0
3.32237332374016,-0.751932792795994,0
3.97437689571207,-1.18660831739949,0
3.45695125625446,-0.485391618079285,0
3.22483501597111,0.370083399606726,0
1.16205030540471,-0.659400359346058,0
2.69613183253943,0.318767941177145,0
1.88447317395835,0.0763998075940187,0
2.03232618584776,1.47713131693807,0
1.30027185823733,0.482205439003272,0
3.28374559333807,-0.256390099006587,0
1.69633858741787,-0.194176204412405,0
4.52209999569493,-1.23556011189978,0
4.02622476660354,-0.456413157371719,0
5.26328661423051,1.14628454941918,0
4.30707898747743,-0.103324061294467,0
1.31157387432254,-1.12328106335939,0
2.05042452174134,-1.37117007776871,0
2.15755647741465,0.240934636394235,0
1.5956693588602,0.479659373933267,0
1.80500720553303,1.59410751399685,0
1.96389509764591,-1.26501651596698,0
0.566145710536563,1.28452736690987,0
1.38733875989229,-1.05475744888513,0
2.43657650872393,-0.252637725096386,0
2.63663318777537,2.39989793356696,0
6.29387697942891,1.17070827406366,0
2.83670634885069,-0.741094522331185,0
4.44214450883664,0.463395719179756,0
3.17533446654321,0.325530642668044,0
2.3235572971185,1.13753843639239,0
2.44042028465859,1.45717833949097,0
3.3581070384643,0.0423769527944072,0
3.93167542991769,0.602400946431164,0
1.95116594404226,1.22265923165902,0
4.61443558188339,0.150551444827645,0
6.45974634995393,-1.03541153348541,0
4.92016980091689,-0.732362087156331,0
0.861045890694197,-0.64216222444453,0
2.55312902530039,1.05989582218608,0
5.02867112445571,-1.49229669787243,0
3.35243448271444,-2.68628219565531,0
2.80545115396064,0.225327596488292,0
0.253990405000264,0.174841370044823,0
3.19287125883314,-0.939528714104413,0
1.27118957289264,-2.73903283018915,0
3.38152913720902,-0.447576997701597,0
2.66705246941912,0.643623088122122,0
3.793830776273,0.466174562008361,0
4.01131057608087,1.47961819404208,0
4.84013122235864,0.85824594741074,0
3.4898379768005,-0.530194968522056,0
1.40650608374932,0.146419172231502,0
-0.73962811994569,1.83075354332003,0
2.62550054929605,-0.664850780314867,0
5.47851835985117,0.547819436679471,0
2.31823676037687,2.53608800469012,0
4.70537554129627,-1.6630011619346,0
1.69586917545247,-0.0506440954506041,0
3.07620528785474,-1.30603643581477,0
1.75928835864516,0.288425449537954,0
3.67367152407598,-1.31924425164079,0
2.86293021073447,-0.403696840261766,0
4.84746504338525,1.64710478597591,0
0.15688427996481,-0.932767767570318,0
3.33948413791041,-1.01587263044269,0
3.89493682501674,1.70955354826222,0
2.45181679654273,0.364429568287476,0
3.28901970913268,2.76064587664966,0
1.70093573749461,-0.183328445149547,0
2.41219221301917,0.877768370245418,0
3.21481283361246,0.493793604751167,0
3.80106332286535,0.949957845601544,0
2.48774455966181,-0.0197281075742659,0
4.13177034263428,0.249381253745607,0
3.12929066093485,0.707611631354153,0
3.91627674019929,-0.0283385214940342,0
4.0124483722307,1.05737949113227,0
2.435002890753,0.720369670499836,0
5.38023026034201,-0.217760416429194,0
3.41178262105754,1.7276353036117,0
3.28266161279907,-1.21282857575897,0
1.78166933193047,-0.0712891384991261,0
2.27113611863127,0.803371683727732,0
3.03933913618984,-0.327896189867251,0
2.25378459128797,0.420300889229104,0
4.31746966484761,-0.0602922595389611,0
3.82924540695821,-0.34983348515102,0
2.01217006845444,-2.32169682847482,0
3.77099309550723,0.229323438212803,0
4.51814078866889,-1.53366436561433,0
2.91480020509145,-0.227019176948805,0
-0.14638586557731,0.798836836115109,0
2.20583303749338,-0.834999984969596,0
3.45911096082224,-1.13683680867838,0
2.71725027739681,0.497783285047814,0
4.08165181401586,-1.27321200093537,0
3.4900067169271,-1.45009525853627,0
3.80424163675655,-0.543195049522588,0
4.38335211400725,-0.138750815101147,0
3.83102387787075,1.10724666921949,0
0.622208100581707,-0.832343414518674,0
3.33221113408951,-0.0405955741148274,0
5.11809915502593,-0.0579132062656701,0
1.44131874436426,1.84707292958933,0
1.22662884763943,0.322642439569892,0
2.93815333343755,-0.251396193546829,0
1.40444788476651,0.446549311719564,0
6.03143175665942,-0.429518367233332,0
3.85292904915498,2.68025059451467,0
2.95374523968457,1.49715396691233,0
5.72422921812806,0.989222962139412,0
4.79354335098069,-2.31862754532728,0
3.44119679424818,-2.09688380515678,0
2.31159232268354,-0.246776097296109,0
5.62366734592482,-0.736806661983383,0
2.54524954959544,0.609704328067224,0
1.64532373197173,-0.114562780432374,0
1.70569724240103,-1.76274564872953,0
3.86964797377078,-0.802350645613797,0
3.57418243227298,-1.7004590075959,0
2.57460560332433,-0.603459997171085,0
3.23155582449115,0.103240878735409,0
4.13154486694597,1.24898923843111,0
3.24362037426103,0.80385131884522,0
2.73079911628391,-0.951391463951084,0
2.2291573968277,0.504168513562622,0
1.72655398796926,-1.01776430475052,0
3.05807065762197,-1.25693044865982,0
3.58335295780254,0.136510822623952,0
1.94071646906062,0.300407659239453,0
3.5101130438453,2.24277067226866,0
0.205966781205664,-1.00424629479107,0
0.925584240067337,0.516093340872009,0
1.99565635274312,-2.75276440504092,0
3.41645717104139,0.0406945868130451,0
2.96523891416651,1.62755932961917,0
3.24813571082749,0.838241848936615,0
1.39612314083469,-0.349883433533822,0
3.64119481735206,-0.331580260304221,0
3.86566439554636,-0.987047224958669,0
6.63381296823456,-0.489045491002478,0
4.04781440553257,0.241148517882483,0
1.38352356818813,0.115408599365644,0
2.27976632344024,0.190341787172792,0
2.45178459951367,0.707108976028179,0
1.92848587699707,-2.02957131653669,0
2.51630780518489,-0.560203774008606,0
3.84833523933386,1.18275100973588,0
4.04243950073084,0.266140378996684,0
2.36704914846401,0.0368010262481867,0
4.07526836125928,-0.19101742238927,0
2.98733986726965,0.502542523253116,0
2.72935081353697,0.0646217063452014,0
2.49051319046772,-0.220426318035591,0
1.43943031260348,0.997508193873626,0
5.36771884015934,0.285036437523853,0
2.85775277303421,-1.03219564123669,0
3.71904919276802,-0.319551589673254,0
4.14254779410845,0.080909343490447,0
3.1784778328875,0.94807296505032,0
2.83093011495054,0.17214347280024,0
5.59296744885969,-0.815670241464114,0
3.37299675652236,-1.65835754962149,0
3.15197007791162,-0.299890713905608,0
2.00366969195438,-1.37946206886706,0
2.65212124124378,1.65853799372367,0
5.18528652477405,-0.135163971236821,0
-0.263104597641924,-0.872268374938995,0
4.50642443530207,0.655372809843457,0
1.11423595712664,-0.619521410139795,0
4.07389698183934,-0.494838190075376,0
2.50693224797144,-0.184167623551787,0
6.23583617555798,1.18641773519416,0
2.8583426232945,-0.226871767582878,0
1.61656616896834,0.286148884952692,0
3.65017297819155,0.35703982861747,0
1.93571733433765,-0.965558800999545,0
3.96649180887705,-0.00649827209201321,0
1.33848971006942,0.28876047806514,0
2.92665035816862,0.244574895086001,0
3.22943691660514,-1.3634229412616,0
3.09258395357553,0.063998356595603,0
2.9745618572269,0.425357772812771,0
1.72761691804688,-1.70037206286374,0
2.74672972237527,-0.875165773322448,0
1.38074532359326,1.06929951619014,0
3.38885667021414,-0.408479766832949,0
3.13961045226991,0.0260319531638934,0
3.29646849126905,0.695084444317334,0
3.16640856967082,-2.30806293968461,0
2.42365327896145,0.762065765321952,0
4.86639229919025,-0.483748822803042,0
2.39357438774363,-0.383590762836876,0
1.95010989165622,0.422080327400657,0
2.98622010005266,-0.192856348874885,0
3.3933087135864,-0.124425294510607,0
2.55203542505389,-0.0288943693305682,0
4.27950398644762,-2.00366366317431,0
2.76145104987633,0.338716114549118,0
4.44945778471467,1.18476518222526,0
5.90211486599627,-2.21982496855213,0
4.77490074540316,-0.493454812996113,0
3.66354089375917,0.594715075621709,0
3.78862613622985,1.01416621799474,0
3.64361828087861,-2.24040986096852,0
2.51084240901478,-0.760813385815283,0
2.47798380612592,-0.187585148584835,0
4.7029045393932,0.246427090049212,0
3.2144479886364,-1.98416732082148,0
1.84323040482113,0.37627592863794,0
3.24691935303944,-2.01549868625127,0
4.74997275116644,-2.02076425670421,0
2.9172491395914,-0.758031583817971,0
4.1833903739354,0.81613280284804,0
3.63696977597228,-1.72984589702817,0
3.60333650120922,0.158036623810741,0
0.851552184725914,-0.115604843719657,0
3.51110171718318,0.00481612757380817,0
3.86171048085599,0.327302088934567,0
5.43104384754921,1.08550676698244,0
3.91960793114768,-0.474973474721642,0
3.00675872449553,2.82727525056263,0
1.96743401245126,0.230348303613685,0
5.07808556501853,-0.521669669472411,0
3.30123273544783,1.35907300203623,0
5.13284005053978,1.54734915473185,0
3.53761696545828,1.36110327078929,0
5.16360890450019,-0.452307441536726,0
1.65425336358708,1.56605612644297,0
3.13948497674394,0.763549040520546,0
2.50736277860651,0.48134155264858,0
2.03871506605669,0.170351942409898,0
1.57087440328351,0.422244059049007,0
2.67251700332382,1.16931135203123,0
3.70359468689449,0.159655317576918,0
1.08230201200008,-0.72078802255865,0
4.39092353666197,-0.137422671353373,0
0.907717641717852,0.208227793421879,0
2.18832392038237,-0.238649631171518,0
2.81930617966245,0.654257935307113,0
2.91822280450156,-0.127643101691769,0
6.02215483954568,0.355322854276414,0
1.72864153294354,0.964084945388801,0
0.270796942370669,1.7350990982325,0
-0.617361356160197,3.59988735887358,0
-0.0779876671947378,0.584441395913493,0
-0.396016213702311,1.64630659358658,0
-0.427401312824978,2.99492398510986,0
-1.1763065216457,3.97591700650501,0
-0.775284928018891,0.938783028485357,0
1.64699642537537,1.68228363427412,0
0.786846699728852,3.06961351349396,0
-0.65482247882176,3.12594424375478,0
-0.366321229457231,0.682624424125315,0
-1.28384212752768,5.21412462702834,0
0.122432404778789,3.98524276248035,0
-1.50329040047395,3.32579656594632,0
0.385440149599568,0.0274512532452191,0
-0.185931102979809,2.75336371297203,0
0.800453915377849,3.80949676793196,0
1.50327015353224,3.71462588293103,0
-1.52952966976966,3.18504965490408,0
-1.02703477037447,1.16604543120235,0
0.047194320956998,4.06895833725224,0
0.570543185849453,3.6804313540922,0
-0.906491550665435,1.478096372065,0
0.166996834896372,4.77065210195145,0
-0.816347370434754,2.75022664138929,0
-1.28895254241378,2.52085318103804,0
0.538810846062476,3.4091347907235,0
-0.384398228408184,2.4322461138641,0
-0.563311363354587,4.66212987782542,0
1.31983651025463,1.4146583186277,0
-0.357511157545227,5.79070333048878,0
-1.62596124635353,4.20166687293955,0
-1.07790288718276,1.32490603374147,0
0.500022248170311,1.74516752565439,0
1.66420042596962,2.1586144200344,0
-0.682227849667402,1.2105705301332,0
-0.262311842470546,0.722200171542726,0
1.40923544788126,5.51324388895874,0
0.671123479925465,2.27363750568495,0
-0.813162868571493,0.247640324001577,0
0.350125951599155,4.74597249599007,0
-0.902156699557721,2.50073767337699,0
0.269074579086113,3.33383820763785,0
0.373043960694618,3.02314974131401,0
1.47618919459103,2.51320439585148,0
-0.846357241345146,2.39860875600218,0
2.21307431915842,3.88612222281035,0
0.632932586154173,5.51959473145098,0
-0.547707924237321,2.48179801311774,0
1.41250199816802,2.87968042452682,0
-1.31071110756726,2.33198388569592,0
-1.28243726844296,2.47350826831844,0
0.431140755262959,0.0925179630982065,0
-0.943432337846221,3.19858237659704,0
1.43227677380536,2.11027971668696,0
1.23875027853156,1.71022865053085,0
0.966816205172264,3.98181169434601,0
1.829637622745,3.3675460198296,0
1.09620633081134,4.75852087749569,0
-0.873802089576456,2.94057322934371,0
0.424861769749489,2.49088179126867,0
0.368349276241044,3.37318490220327,0
0.834660129995105,4.04261613788312,0
0.147747715213375,4.90866104463138,0
-1.3086861760266,3.36674157080729,0
-0.0452954532579162,4.16869167562315,0
-1.0562230391693,4.02764955636276,0
0.897364890689208,4.70491535276177,0
1.48647629253541,1.86521463741624,0
-0.608724186537831,2.48080580359922,0
1.18002782426816,4.46942725261256,0
-0.291494492447744,3.78465747916773,0
-1.11991222645196,1.46877929501499,0
-1.56202257675923,1.98708854039996,0
0.162596925412678,3.20334922250602,0
-0.407181075928645,5.42480988484038,0
0.601934345460103,0.577154335469127,0
-0.193922380345972,1.87633963262042,0
0.307882574937753,1.55462504269992,0
0.655666255306893,3.32817545480356,0
1.80287870124303,3.38529751980053,0
-0.036262257209292,2.31483964145491,0
-2.0792885728013,2.40213647992542,0
0.233548989211197,0.869226404237714,0
1.19344904164205,3.25382273874051,0
0.63777790456594,1.24580759897327,0
1.33142122095843,2.56223950483156,0
-1.32320486723379,3.32566561200896,0
-1.08498149603468,2.23637839759328,0
-0.440458590017307,3.18745069229149,0
0.0521286892774134,0.328273020930272,0
0.496394099949205,2.83564774518898,0
-0.788136880088965,3.06485244995683,0
-0.519631176093641,4.71014665232336,0
0.31574646116607,1.3517990044156,0
0.939293262225335,3.54224719645399,0
0.167853031532148,3.33728315182248,0
1.80252199429759,2.88995274501754,0
0.654064495950769,3.2394246906388,0
0.852276000959878,1.79443479379238,0
0.492376834586412,5.22237287635833,0
1.41713394422334,5.98706124053877,0
0.65599355464485,6.59450532076077,0
0.493203557133349,4.50766900510868,0
-1.0023601964803,3.07760390874388,0
1.01410510177124,3.78199671413506,0
0.344896414955361,3.26190959353258,0
-0.442260952320049,4.56087916568956,0
-1.49017340218313,3.72477187599082,0
0.000767855808161668,4.1238214193508,0
-1.81604747784827,1.44919947030697,0
-0.574889815873851,2.53671978155855,0
-0.0639331821085955,-0.0381931915024172,0
-1.49010486753789,3.66286989861805,0
0.0353117009341683,2.59528100538618,0
0.281594486753095,3.10938771013698,0
0.85033171840133,4.55513267403143,0
1.19852229261694,1.53972453733439,0
0.866456827572467,1.62338520754695,0
-0.176625709493918,0.0957573302262578,0
-1.03864944562607,0.690197063495894,0
-0.981426763429147,3.30309536843233,0
0.938654998875716,4.66421023944233,0
-1.1115194070397,4.51310345937174,0
-0.0569523626333254,-1.11574207034,0
-0.090130932389678,3.30291060298024,0
0.450120367700436,3.83234910139323,0
-0.157167601962207,3.50878227025009,0
-2.01810898342915,3.81659391154864,0
0.121369988876167,2.28550028591833,0
-0.838718734728288,4.71761267677986,0
1.26918233319071,3.75123780830845,0
-0.825666767234329,3.3374647679808,0
1.85790376983878,2.61197562967145,0
0.492098182695742,1.0791874325499,0
-0.134471972168142,2.60442714694555,0
-0.791897092302033,1.83840168950323,0
1.36827397853337,0.0863151956210095,0
0.645276306668622,2.24690102869171,0
0.531718133172891,4.0030661404912,0
-0.812648014949507,3.31849755325351,0
-0.525099045366823,1.67641900030415,0
0.864586633464612,5.10185000857234,0
0.0486518307522177,4.20853568828066,0
-1.48716694934111,3.56499081187021,0
2.13518551491911,5.31711610225128,0
0.205084101983899,3.45375514650646,0
0.024857831374247,3.58185676768158,0
2.30789531472183,3.16325203745547,0
-0.0135667870680218,2.58785653956285,0
0.824297194780601,3.65329393697077,0
0.307244752415052,1.71551025285941,0
0.675694268935019,5.87076665843368,0
1.68309598554902,4.61272767293236,0
0.578285728446069,2.46635501565056,0
0.798486490537112,2.39092642449417,0
-1.02467429610719,3.6790232503564,0
-0.515197316016875,4.71035782206522,0
0.973506952321742,2.56000003812489,0
0.74206958999931,2.64052964084801,0
0.857416198545177,3.72471164958199,0
1.87639515505064,4.91803907402967,0
-0.0429020054753534,3.62833390938835,0
-0.120792573904673,-0.470978009971576,0
-1.5382308426703,5.19469134053947,0
1.8577254898098,3.8019322976083,0
1.91856425496602,3.32990865427847,0
0.482602476839069,1.9943920328296,0
1.25537247621613,4.28830934761975,0
0.432538518255742,3.62331496979167,0
-0.607579514287159,3.95775701573227,0
0.186747503618971,3.92849979655677,0
-2.18875564420408,3.38521881738852,0
1.82269798211217,3.02060526061034,0
-1.14034311877551,2.64097421014506,0
0.177104960521144,1.09331465009589,0
0.238271265086872,4.17442210317192,0
0.307307248437173,2.16026054707021,0
0.111360180739188,6.0873396763657,0
0.113757028139564,6.64079276868105,0
0.440180376054157,1.99033457887854,0
2.04134242411008,1.54140235232439,0
-0.102296168439943,5.54855934505649,0
0.37894017147006,1.62498332644457,0
-0.91927229270017,5.18208923573611,0
-2.03792674199746,3.82595166899373,0
-0.726464250576123,7.04767932596274,0
-0.661077296308603,3.83518864827283,0
-1.12502745663265,3.63529879534932,0
0.0505190027662533,3.10981512941835,0
-0.0563012310401779,2.81164890728141,0
0.475744621417006,4.2115411180239,0
-1.07227624915371,2.02898184629735,0
0.830037628893991,3.5586076271517,0
0.567078476057789,2.95833906993273,0
-1.03877824526437,-0.688131513100823,0
-0.251044558220209,4.7161076398126,0
-0.992269526566943,1.63561198546978,0
-2.23630697013326,3.93431850187729,0
0.984151469354987,1.05753920662223,0
-0.817705373686132,2.22087946023723,0
-1.36007280423034,2.2212512226346,0
-0.476544586590179,2.39181939228441,0
-0.378648216735995,1.46945279428192,0
0.793711868852775,4.62059139421126,0
-0.831497042846459,6.17430346559501,0
-0.423424929016055,2.90060976004764,0
0.6996031926431,1.65889800697188,0
1.03779304999733,3.96683004524942,0
0.00062269559128051,3.29999320901419,0
-0.392881646371564,3.50805416485112,0
0.185188459420673,1.96030984774582,0
-0.75105442284566,4.88650370074324,0
-0.136157898515514,3.72820682553501,0
-1.60972867777717,1.42308996144896,0
0.129090385350817,-0.283618033488307,0
-0.818401910491644,1.51357446668309,0
1.22198823814779,1.95323555411485,0
-0.0583476349288198,4.09295795987245,0
1.05530236363917,3.52950913739707,0
1.22985908489598,4.65972093814479,0
0.351665071790636,3.83617381575792,0
0.490446481278267,3.280415924368,0
-1.02681646412819,2.47152865307857,0
1.23741620441228,2.97217415115883,0
1.15169091415961,3.44550966068,0
-0.568559728412944,0.844784405507789,0
0.409453153522675,3.73325997322183,0
1.95269541098547,2.54825327333714,0
-0.349886234965082,5.3569115049803,0
0.0505230745573002,3.49705439213282,0
-1.00671629817763,3.2923028751986,0
-0.922805447043241,-0.60894581871707,0
1.24726138855752,2.54625661760407,0
2.34269416715665,2.8462528563418,0
-1.05941111310699,3.77939311456335,0
-0.515218438008599,3.70031049574246,0
0.642750911040185,0.113036520383107,0
-0.524634302101809,0.769926499010242,0
-0.32479425986063,2.78253557116875,0
0.506006842889995,1.72745608323416,0
0.0920657567664845,4.79573509553212,0
0.988609010501166,0.758353707389937,0
-0.0837784391981446,2.02165791458622,0
0.219772567822885,1.83924289827027,0
-0.561649545190274,5.77255519556409,0
-0.0645914777574669,1.85238275498405,0
0.414377869923023,0.85463643148385,0
-0.51513786499734,5.32469376442333,0
0.157103710235392,2.38495553822512,0
-0.994977914704532,3.0417581679893,0
0.726757149642825,-0.354314538047722,0
-0.350515647755903,2.70708583409979,0
0.662061651999602,3.44622789017228,0
-1.23135927639323,2.88100980758972,0
0.347515786319852,0.0172075551361615,0
-1.97628976818759,3.46128786030483,0
1.38008836494759,4.90331497064162,0
0.785771379929174,4.58011387343295,0
-1.21833277452104,3.57103165781493,0
0.494156108137128,4.51613464928905,0
-1.02562155017864,2.24230743847077,0
-1.50478829085966,2.93639531536612,0
0.736806808325289,2.75245691691202,0
-0.725033089627202,-1.17985255047228,0
0.364406887565708,0.84201273076172,0
1.56450273471658,4.82659657666143,0
-0.535891471979715,2.24781219926687,0
-1.21423596268203,3.44779726839624,0
2.12050090555619,4.79267970416737,0
1.29172696917941,3.47453301949138,0
0.492355097268083,2.02358744797466,0
1.65171464702713,1.10652435994217,0
-1.30585332637221,-0.509278274392877,0
0.2900137945082,1.90057037525659,0
-0.339437340567358,2.56398750302079,0
-1.23139799057791,2.65955334348311,0
-1.14866896450609,2.92946024315559,0
1.00221471015076,2.36928570096032,0
0.824781024876745,3.14351436926701,0
0.184434456726573,4.02555945530542,0
-0.438304398674417,4.64056554575863,0
0.283996269908502,0.122282532200152,0
0.803756181309871,3.948688252387,0
-0.765682426023873,2.63197481182078,0
0.156706381148099,6.03103158413301,0
2.13809447033969,3.5289037534386,0
-1.57105467880909,2.08846292676364,0
-1.15431168937742,1.66766906354849,0
0.634918465833664,2.15569207455887,0
-1.34573037347091,3.53972745343634,0
-0.19340128417598,3.25466959030108,0
1.16864879999573,-1.537794740122,0
-0.722056178142386,1.90413175335609,0
-0.528954820808448,0.768542289874608,0
-0.222057634740212,1.79819843072654,0
-0.800997283093814,3.27948881899416,0
-0.25151688923925,2.28986194235373,0
1.53839904018998,2.09598550287682,0
0.0415362966040762,3.95804863292415,0
-1.70750117083899,1.00606910251672,0
0.566962781639578,3.8770206060607,0
0.0619969287365704,2.82729513541889,0
2.03190145923046,3.43393679057681,0
1.67073795411199,4.76450899963077,0
1.05684507507059,1.8071431415049,0
1.86920575316323,0.995654266445414,0
0.176499762123608,1.03053250184039,0
-1.4106716383624,4.52052791766864,0
1.17640934689392,2.69709467725289,0
-1.48630348580412,2.62905452894982,0
0.760256466905695,2.1227659127391,0
0.218732872690586,3.29236649320584,0
0.791385915778018,3.75348277687682,0
0.183051017257131,4.18936905484482,0
0.739014648477604,1.24975324938015,0
0.868630089681184,1.92438570890974,0
-1.4718840459588,2.82423756240225,0
0.411868940332289,3.4444868241834,0
-2.00204881484968,3.66408763714588,0
0.262228921960778,2.6382000928067,0
-0.206346126012753,4.04701380105491,0
0.0542566364807448,1.39849310915688,0
0.904476240459375,3.87629121922682,0
-0.173925029645684,1.82688592328766,0
-0.0268437321730192,1.55452126922229,0
-0.968816260051436,3.25508177563608,0
0.936418390735173,2.74185902038478,0
-1.28526137555288,2.60980581347183,0
0.3436911643932,2.06316570356981,0
-0.0562898069970012,2.23610167422244,0
0.959292907356836,3.34948324958262,0
0.546482221827796,2.38877994075483,0
-0.648366917604163,0.828519330446822,0
0.492259369538473,2.03718574469299,0
-0.93550464535035,3.00062752268125,0
-0.738082571805292,4.21782670530194,0
-0.368713574055668,3.27810592330736,0
0.283669852017269,1.3843777720411,0
-0.11869396410771,3.49131706357219,0
-0.540573979288264,2.96122870355654,0
0.13776816019984,4.44016201358479,0
-0.187143845043055,4.96233584488705,0
0.213902216046682,3.59243785337028,0
1.23435708924607,3.11592643599221,0
0.710400126817457,1.25356778838219,0
-0.505265802775057,3.39900863377214,0
0.466975531896287,3.36817992165398,0
-0.407905416526938,0.682288944277052,0
0.077251203245799,3.61017624025664,0
-1.3566577624229,2.03993690731942,0
-0.198914871378223,4.44427691323312,0
0.699267906771149,4.37715276506697,0
-0.303187833289412,2.40811000771577,0
2.44801269841899,3.04626217382712,0
1.33731395521521,3.4716926305443,0
0.182824861446,1.88758487769636,0
0.0554405417039393,2.20682311038953,0
-3.05454952149226,1.98097984486499,0
1.89722052091135,0.948516750233254,0
0.454894380505524,0.314955805705791,0
0.339591701577459,3.22630195439361,0
-0.801746507660561,1.51556675889664,0
-1.8831087340025,3.8367484600917,0
-0.102859689131504,3.41234115997332,0
1.93104034488612,2.96414771706422,0
1.62168355106829,3.52717642192431,0
-0.325495601441139,0.190331965637769,0
0.132867944725309,2.5062126500526,0
0.717128189974261,2.54479015157474,0
0.686674427010157,3.25296103795017,0
-0.488624796945838,4.44975488324206,0
2.17098593631524,4.68242177930161,0
-0.797758820498056,3.84178272027295,0
-0.376090717481965,3.10020530662996,0
-0.479386054500831,0.771203957934932,0
0.693668880598523,2.67418164211008,0
1.42625811776013,0.438226939561548,0
0.742453959679463,4.84261796016723,0
-1.47958764229637,2.50884080320241,0
-3.11386063689329,1.33645850460267,0
-1.52607678165195,2.08097454842136,0
1.46052626116504,3.42640153191562,0
-1.442644509824,4.57813877397501,0
-1.10601205009673,3.88150858271536,0
-1.3498351025757,3.8128668270898,0
-0.306287916812774,2.45086269925755,0
-0.608914839661027,3.84284784200554,0
0.295483734089437,2.79413631513605,0
1.86762678508794,2.27992279960808,0
1.65053516939556,4.85086375968163,0
1.87304351694303,2.65109192043335,0
-0.664257755667257,3.82807199455177,0
0.327836926649241,3.08070152001891,0
-0.79279398434047,4.07602789607368,0
0.079038214757035,-0.0424584293262646,0
-1.36003329448787,1.84164296603504,0
1.41473141145081,4.13476768531355,0
0.16190775464786,4.39050121680322,0
0.534674533633275,1.51406497824203,0
-1.09148905079599,1.96822511157168,0
0.716166683264689,2.67892010617767,0
1.61458539943719,3.41247048487289,0
-0.310666848643836,2.98158725870544,0
1.19499591989441,6.92063893931117,0
-0.0163795503288483,3.48265786016934,0
-1.0138319049701,4.46999235037166,0
0.824038116600976,3.40006300292174,0
1.80419796331021,2.25879177311907,0
0.133037648103069,1.31115683877558,0
0.517698944776682,2.29251304183032,0
0.45200750541017,4.51217975949751,0
1.05745111801037,5.85189373781938,0
-0.962619769904328,2.57012066106691,0
0.839227833068106,3.7928454161555,0
1.13470854393078,0.854569133568194,0
0.373539589156415,4.90468773153672,0
0.26078610921269,3.27150609415,0
-0.118313861731269,-0.858522886047271,0
-1.87363620740613,4.95214748843276,0
-0.215961054078643,1.12382795071865,0
-0.477032688771072,3.88076531330474,0
1.55158526856811,3.40279117429862,0
0.559385105556301,3.29145362064523,0
-1.37655206833773,3.95332371221549,0
-0.212658806934871,0.942645135417477,0
-0.139071014898438,1.11903411534808,0
1.90310241726972,2.9116372550734,0
1.22809997642778,3.16176153612595,0
-0.54018719552544,7.00494223033479,0
0.3604249830948,4.36668919186709,0
-1.82977106988166,2.32402083613126,0
0.435751298618384,0.861806382174361,0
0.493539433805165,2.59251322162349,0
-0.844293997906982,3.89185526311104,0
-0.306533349588651,5.37971346503014,0
-1.06489197737254,5.23517084756553,0
1.79987390464097,4.72028044751171,0
-0.569810218100475,3.45811833645303,0
-0.957590598291806,3.19007214730997,0
-0.91755521618433,3.68544226241461,0
1.04851406958535,4.63933849532153,0
0.727304568586064,2.63759374774964,0
0.696232672994681,4.03725981351319,0
0.299046829048075,1.4743910853643,0
-0.020959715763235,3.42846228068119,0
0.0781835830422183,5.27387595294026,0
0.30765740813394,3.19449262066467,0
0.870757713643386,4.40086755465158,0
1.09908857884449,3.72787329203334,0
-1.28953632850852,2.91774465855928,0
-0.905093373306925,1.50541464300654,0
-0.598566253519927,3.95070821541322,0
-1.07771167207113,3.3911389016281,0
0.313814942415101,3.25671885828575,0
1.27765241514253,3.34116951184093,0
-1.49458903091773,0.0466833495435957,0
-0.410513943598602,1.18501977356631,0
0.647936182900946,5.0410037945011,0
0.526580454659265,0.181886242042438,0
-0.475214783905491,4.67353346894924,0
-0.143993758468218,3.03495931718771,0
1.29730466649569,2.99163380173507,0
-0.521741532736062,0.259610847517131,0
-0.167650098845815,3.73185008637685,0
0.925835086879655,0.720128109633732,0
0.0922182083558804,5.21489358517179,0
-0.265215558356602,2.81098989380329,0
-0.716743547083947,2.01022008657122,0
-0.131879576112307,1.57254420655308,0
-0.966727838053457,1.91161814531589,0
0.357753256531159,2.00127374282446,0
0.380612474589543,3.12294086813798,0
0.757746926845025,2.28503457518131,0
0.198350694404748,2.5729838600138,0
-0.115317207930811,2.97178123265873,0
0.734577922204026,2.63817357571537,0
1.21487361333386,3.87190631971139,0
0.448814514090763,2.29858419253295,0
1.5706762168646,1.02615907102796,0
1.17052833838833,1.763754254128,0
0.83699273512021,4.04833161822829,0
-0.401635583551801,2.99950785216279,0
0.772735032750526,4.39991028597574,0
-1.94931851400618,2.07042320526191,0
1.57798345931835,2.1717336334036,0
0.929083078226429,3.45528542964845,0
0.605187691808591,2.11109628141288,0
-1.63594050244743,3.28743183747513,0
-1.14143823630916,2.96067633373477,0
-0.316900698426165,1.04587573620073,0
1.07794843449945,4.58108429680815,0
1.32397628821727,2.21760469975643,0
0.525083547092414,4.8706295537428,0
-0.383769419404098,0.868743633799604,0
-0.906658729300211,5.01571543316557,0
0.298777532207082,1.95433808097512,0
-0.52246603318124,1.67603429671795,0
-0.325401278395852,0.288476155420648,0
-1.02193128479582,-0.64184781815603,0
-0.0656246853372952,3.39176916915953,0
0.147296478900396,3.12602234175095,0
1.29729977549296,1.80086382887647,0
-0.608637867201039,3.11993258495178,0
-1.0981610013918,2.98218802031745,0
0.786354606550395,3.97005001092432,0
0.126914258253933,2.14469312228893,0
0.678777980323736,2.62350735542005,0
0.603308676972573,3.80944908704154,0
-1.39277344342086,0.753011954084434,0
-1.00724800271746,3.39411500886769,0
-1.39929927845557,3.98525351267494,0
-0.937516981582264,3.68639449176897,0
-0.21194469101772,3.38609006238885,0
-1.74550715767147,1.38792799793835,0
1.57885838310837,3.16604408205765,0
1.20276492699347,2.77618430112407,0
-0.938935237046831,3.51239825582487,0
0.737676903166328,3.6055550645832,0
-1.36717330829125,1.75278992160914,0
0.125458992895632,3.07464053128017,0
-0.91046795654672,4.47772645714592,0
-0.701325151400552,3.52665522010229,0
-0.52657391305025,2.45767583855336,0
-1.10825800340035,1.83062631730295,0
-1.40946124546275,7.18058512873692,0
0.953108724562245,0.873095399363887,0
0.457079262841133,1.19419423323905,0
1.06009374336054,3.57341909330101,0
0.273724485942338,5.7614885785291,0
0.367376290553437,3.59562723826975,0
0.302621316167058,4.43775512655277,0
-0.303773367830984,2.13450849493808,0
0.25775167630559,4.79226861929978,0
1.30207316327414,3.0437565592395,0
-0.291825864721709,2.03836689493194,0
-0.230529047643926,3.09274185537342,0
-0.834594510430879,3.63731791824134,0
-0.647862703805181,1.55596796965657,0
-1.66937527380215,-0.992553119950596,0
-1.05378864460592,5.27374516561159,0
-1.2296762625768,5.55894956456756,0
-1.13781070448405,3.48026044041101,0
0.147322233415123,-0.0682070196251234,0
-0.419695042287374,3.36850912977116,0
0.354508205255507,2.66265647209378,0
0.790616404687543,4.7102738699567,0
0.0318309372133406,2.03856016660193,0
-1.96273885850153,4.47010719655938,0
0.327533247904254,2.78272550318492,0
0.266222636691867,2.31750474998812,0
0.381738827788055,5.03740181999445,0
-0.860068667221221,3.38825541840773,0
0.545707390040513,-0.0524467612480399,0
-0.0552719351519332,2.0974873646231,0
-0.117791250740212,3.3659217846727,0
0.243632538398389,4.15115159182283,0
-0.685079297766821,2.19724910722074,0
1.36219557547605,5.06892102978003,0
-0.823345648357643,2.13803884765582,0
-1.76240029636192,4.5416341067256,0
-1.21336339768823,5.55628330827849,0
-1.21424440343519,2.95702028141773,0
0.62631024105438,2.38704549743069,0
-0.297375063494314,2.85604165837663,0
0.684763346625139,5.63289753130536,0
-1.53414287083826,4.71229800920749,0
0.263410193339065,5.03528819349363,0
0.399947019579509,2.90575555121824,0
1.43995576575862,3.53882730129957,0
0.732738739578466,2.69028425543315,0
-0.0590377473466993,2.40417142630229,0
-0.0333769024781985,4.6532006008059,0
1.88774349781531,4.88219241130578,0
0.204179857006659,3.20282913207742,0
0.0797369036352915,6.56341437401231,0
0.565365156437319,1.11782906769736,0
0.860164119839402,2.97185445510582,0
0.325656850671643,4.98744693331006,0
0.216237736629366,3.99866530264619,0
-0.471285265517654,3.6426999851291,0
0.230871707587385,3.31893351284296,0
0.0423839760696093,3.24013524923987,0
-1.89410666809471,0.342297972423362,0
0.262475670099124,3.74310138385998,0
-1.22421114161524,5.16885759388144,0
-0.732930944834242,3.51909438215234,0
1.41627350259735,3.340578962056,0
-0.455376728359479,4.59047166020984,0
-0.340777804742328,3.77214191051686,0
1.76751396872123,3.28405056814242,0
-0.0427042164481943,3.65222000792734,0
-0.391099475336951,4.28165885126685,0
0.383689095536663,-0.0673062111837108,0
-0.0157463134725727,4.20795144412664,0
0.204861542179233,5.19304718140505,0
-2.1838305590092,3.33287138608745,0
1.2672869120928,-0.335282733871005,0
1.32057275831832,0.136810724733326,0
-0.871806047764932,4.61146621865772,0
0.539170860343954,3.28745685633523,0
-0.0307551558677384,1.60501146293872,0
-0.700423080128713,2.04469376826199,0
1.09286340227128,3.44565385744465,0
-1.33516699518023,0.590445883858676,0
-0.366026318985906,1.62676654788671,0
-0.528076823403662,3.87009195180662,0
-1.00409885309377,2.70537122311743,0
-0.0805663398520752,1.52566293159348,0
-0.170205013688659,1.61434961772712,0
-0.391037667529233,2.8383637086879,0
0.842158034812382,4.18645020497334,0
0.011870895017978,2.3568282241094,0
0.671300052082125,1.04569280288555,0
0.325285372150719,-0.214882716999105,0
1.04734285919289,5.16065819877599,0
1.70462509476642,3.45469806489664,0
1.6718041757294,2.31082639470343,0
-1.72449466112577,3.98141876681354,0
0.415520159732771,5.31283220203531,0
2.09512613062709,4.15145531169022,0
-0.687729394610579,1.91653837889992,0
0.28036351167343,2.24160385135412,0
1.67391042594046,2.31980818733944,0
-1.29526404446128,-0.0893503390659207,0
0.534553105480848,2.22160357931741,0
0.316951414115073,2.69658710291267,0
1.929087859748,4.82726961799158,0
0.153446823611137,1.97550148169261,0
-0.101362814778552,4.42139206453491,0
0.495876663739143,3.33075684367313,0
0.758495939893043,3.16446051834736,0
-0.358012612084957,1.75070612003224,0
0.332910727321943,2.64878247377686,0
0.458107751818458,4.66833731880935,0
0.646379872837051,3.01432552454995,0
0.482972801729587,-0.469139303403369,0
-0.961641390131992,4.5673562609539,0
0.680826186036529,4.53549799171115,0
-0.314664801512555,4.43118951935803,0
0.842995343398418,2.08051839655197,0
-0.371509047243983,4.06621359423407,0
-0.146404761700501,3.22546341734062,0
-1.96558418823944,2.42982794371652,0
1.55407626278283,3.30459725392851,0
0.622116296287451,4.18928377355545,0
-1.31856150776881,3.95173791728957,0
0.597011805057383,6.4170928893588,0
2.46007882833178,0.590926588966071,1
1.6398203666872,2.04580951510562,1
1.99399710043408,2.0743103531187,1
1.89222146997009,1.94442911343725,1
1.2138897787696,2.54730304811929,1
1.3057926267108,-0.857735309417661,1
1.46885398870946,1.96105303970543,1
2.94264890208575,0.912863144817897,1
2.9269120984573,0.841989779996414,1
1.92984145709127,3.81607827391477,1
2.21410952434228,4.35255513942427,1
1.57598326767203,2.80006094418852,1
1.91269370332538,1.41469625137514,1
2.67657077919808,2.12691562811346,1
1.99510662694404,1.20279848615547,1
2.08316459491424,2.15944875216417,1
2.47069081710167,3.79098156362655,1
1.32246150002106,2.8394154344122,1
3.53820637038721,2.53462620287378,1
2.13267806899636,2.81920213799669,1
2.41478672884127,2.44639784018551,1
1.07507111345067,2.45481301382985,1
1.41802433091176,2.9387188050319,1
1.5619125763044,2.81987570365764,1
1.4984781777655,3.2086107570018,1
2.33702081973332,2.53599108396209,1
2.24626381010406,0.181208176999209,1
2.43148229454132,0.665400904109724,1
4.25243961649259,2.25187935524767,1
1.69737929262638,2.66244144514652,1
2.32072801982754,0.520505469419061,1
1.91780213998749,0.977438087733088,1
2.70009181538118,3.12796291916336,1
1.88602530167316,3.22678550252559,1
1.24406567368014,1.25142892236571,1
1.52441955680254,2.52910068123713,1
1.25191480028614,2.49784412026038,1
1.89283344912757,2.96289271523894,1
0.084120539622053,2.01626084526522,1
2.72929908135684,1.57778643555221,1
3.17696980577439,2.34415213077159,1
3.17145576220434,0.623229974947725,1
0.629564556290076,1.74962749704357,1
2.99967080948447,1.91924104186627,1
1.36922364931768,1.56894441858505,1
3.05788948384843,3.25526192128063,1
1.63247594867916,2.17419887356866,1
1.65697652599984,0.720975342543225,1
3.3755926092493,0.78304116414374,1
2.72803108361016,2.63206243893629,1
0.946420707058328,0.671149855506984,1
1.55288002469361,-0.46470447068494,1
2.02611346202349,2.98710309972393,1
1.4246122279955,1.52133105210589,1
1.69048881710002,2.63161573676408,1
2.72214521353087,1.44358961924223,1
2.16123170009132,2.03420790893595,1
1.81018466827314,1.95488627493188,1
2.84962397189719,1.36794923348166,1
3.09558777855737,1.58172000453651,1
2.35244521291583,2.74219611165802,1
0.531981782380932,1.50183870490963,1
3.54093422048203,1.34202941164644,1
2.29789673011316,1.12697827027498,1
1.97434083880119,2.83221467927928,1
1.79537751834123,2.37781779934406,1
1.0321516413333,1.81298832595791,1
2.11606804799626,4.62203224478534,1
1.37935913450148,2.40859753327657,1
2.96090694205465,2.40925908869658,1
3.08554750965824,0.654168425200671,1
2.29216580817396,2.0593813614844,1
1.31541942490509,3.2310244328443,1
2.92542133723112,2.1333776923419,1
3.54272191426343,2.21274624751065,1
2.04525721587077,2.81836853655639,1
2.29588574599732,0.458519767796282,1
2.20733691770719,2.12850234854825,1
3.53082143001409,2.25444366400225,1
2.65649648901684,2.06972325063337,1
1.77631570205533,1.94770775343851,1
1.59260324201295,2.78878714290923,1
2.61783345966941,2.07915176871361,1
3.64334524998893,2.4651664724843,1
2.90009775203696,2.29948650017152,1
1.57476019807776,3.34674179694979,1
1.56411263348544,2.5746806628415,1
1.8386757056628,0.419730197982598,1
2.36121794523293,2.74199968691605,1
2.79003197511588,1.52378191489528,1
0.626043929021254,0.0856417494777342,1
1.97267520611037,4.31410142658676,1
3.20358465243223,1.27193969301087,1
3.64566188056773,1.42933562385895,1
2.51762745044591,1.64731613419487,1
0.607730773649405,1.69929674075847,1
1.67933683469293,2.82103729722652,1
0.862582464386539,1.12332075952272,1
0.276417314274313,2.94328903274087,1
3.29063585521497,3.28677284352218,1
4.13909815708439,1.28174889817379,1
1.48280065263983,2.26683923514798,1
0.0910425155960743,4.22990127538475,1
1.77799647300977,2.71563974090452,1
1.87394685999178,1.95089891717771,1
1.82674728006136,0.584782771052307,1
2.12682369962043,3.67676211536472,1
2.5525547534743,0.90859852262587,1
2.3316285053329,1.64843683512477,1
3.70104117937879,2.20329576214528,1
1.9792871062959,1.26557203120461,1
1.6008372744337,-0.102480955629047,1
2.71415850770824,1.75360804951768,1
1.71661093755003,1.09118795575069,1
2.66698146615671,2.60911768998088,1
0.867246673282014,2.23982538559222,1
1.13419834724758,3.01854657891396,1
1.27985214863786,2.21952755288754,1
1.95599441112964,4.11399876221453,1
3.113091938706,1.73012685762418,1
0.839108633594247,0.321534501807828,1
2.53521913220612,2.16815347203411,1
2.44553410282202,2.11170519854,1
3.9109565192956,1.77210798434147,1
1.1506909713249,0.620693265182283,1
2.63990002855009,1.29037973427036,1
1.22566188933026,1.64332099166368,1
1.45856050445767,2.57289560264822,1
3.07221084376787,2.40775753031386,1
2.89260906735549,1.51699683796431,1
3.87233474487671,0.762058695766723,1
3.01189718828997,0.604764576680967,1
2.45754787333135,2.93353734019013,1
1.96066388393423,1.93480401545283,1
2.10441830461933,2.6196366010128,1
2.01782671286653,1.56906377434335,1
2.53182354782016,2.37800898093658,1
2.89361680163394,2.40179318540409,1
2.33300381805258,2.32432369291031,1
0.484044216408041,1.06067927750062,1
1.74135260260571,0.789760804548974,1
1.35660847841875,3.23428687739067,1
2.62777126149631,1.12037894617482,1
1.79904798957219,3.71254887412503,1
2.0813066391579,1.31134771335315,1
1.36637422380885,1.58377331346392,1
2.54426598069105,3.03349672231978,1
2.03469907057642,1.0245974843227,1
3.13974193163166,1.62350558297514,1
0.105978965252021,0.591330944915694,1
2.61797497025946,1.6933336006583,1
2.78831467441553,2.87563761284359,1
1.11372035017164,2.27697692930694,1
1.22926841275945,2.61009142731336,1
1.54536937236645,3.11797685401695,1
1.24067915232333,0.6115863279065,1
2.73153840345663,1.49269903199712,1
1.36770662051441,4.13647961938186,1
1.98587638140708,2.63677160255844,1
0.85782690850767,2.4708690735356,1
1.85223224968154,2.33389068471364,1
0.821377567601328,2.60233017728667,1
4.66819850623168,2.64632087119452,1
1.77681627746631,1.85385719666754,1
2.16520530494325,3.20178642220996,1
1.78905674744837,2.41258148232257,1
3.98708964607914,2.74579097965999,1
1.87719680523993,3.34724941603913,1
1.38997034423404,1.07394038042118,1
1.18557393680685,1.53108086237198,1
1.33446538733709,1.26015956558067,1
-0.236040543300508,3.42214748469267,1
4.24018804213907,0.546699877163334,1
1.78686935052614,2.52202063614755,1
2.43232105898483,0.0538856052826768,1
2.20553869185291,2.17347034554361,1
3.4924628621058,1.44627755853505,1
1.26832968218995,3.60256052989146,1
2.2074855756203,2.2985333205958,1
-0.544770250171024,2.35932105493409,1
4.24635793259473,2.27308222473855,1
2.09156791319149,1.53421798681655,1
2.75558178348647,1.66601168426802,1
0.748773753714316,1.41098399676284,1
0.215646236864224,0.583972390381352,1
1.15975619952836,3.26811275563065,1
2.73891131491691,2.06618280173151,1
1.60298912148691,1.53262930171588,1
1.70816712013128,0.293584085705349,1
2.39971282422778,1.57681166342355,1
1.65006072433592,1.10501426078125,1
1.51086027043609,1.18496176424359,1
2.07276303084877,1.35297849630701,1
1.50598453662145,2.90850641426221,1
1.56201170943838,2.736691237699,1
2.16423457740649,2.96610238587919,1
3.6995283092478,0.0565257340428174,1
2.19379375639186,1.4496251636317,1
1.12635837712221,2.2264679533514,1
2.83524873333672,2.75350120815396,1
1.90208178656222,2.98444725862886,1
1.72525426219725,2.34957781095009,1
1.53637424958849,1.62230230209277,1
2.52611815005574,1.9939321811007,1
1.87399209765768,2.19585248343804,1
0.963319875725764,2.20124616625402,1
0.423666849879147,1.49485796819608,1
0.205845044865679,2.23525284760298,1
2.03251533199155,2.47366669775855,1
2.74629390590793,1.69532816711715,1
0.850020065504752,2.44786327850706,1
2.38188466669449,2.30068486892101,1
2.53909829674441,2.47909546632164,1
2.17494076862486,1.82958935265581,1
-0.102137044758397,0.129591228909344,1
0.264045761164251,2.50989478441184,1
3.26831330591356,2.27460266724112,1
1.23854219713735,2.08442917738034,1
0.761022520980882,2.91787963826916,1
2.34661567043035,2.8673346120189,1
0.485405162110578,2.21895338197108,1
2.03123645633938,0.729911081141043,1
2.96712455864368,3.21676669597469,1
2.50846410432476,1.29657244990932,1
2.04870292145384,2.63811411597184,1
2.2645642054319,1.15703835429786,1
2.91869124391975,2.45808233618468,1
3.10236776560571,1.49639942474497,1
0.993061993279049,3.87329107053678,1
3.37844785088194,2.63852690444964,1
1.69664548380486,3.79641090240811,1
2.14405195576935,0.657635134311625,1
-0.293021771032028,1.96390383231283,1
2.30638614529446,0.734478676006886,1
1.44585923056601,0.156235483789702,1
1.54360593097785,3.29359808487789,1
2.12178732185417,2.14114612416541,1
1.87587871603551,2.03341263887378,1
-0.324423775653571,1.83489017944114,1
4.19646124353978,3.10368957836658,1
-1.04020851092896,1.61143225354412,1
1.59417165907377,2.07978078730388,1
2.89008543219146,2.03106946796837,1
1.41891267453317,1.51469920763042,1
1.84311381792868,1.93707668131909,1
2.26564884332426,3.48892460496686,1
-0.787177295073617,3.03469285588085,1
3.7168208329626,-0.443557030265569,1
0.855784568003141,1.53913266553783,1
2.57039901415983,1.94303392910532,1
1.6203267483764,2.00382865106714,1
3.5483565487873,3.36653203701192,1
2.05595465438327,1.1469661799297,1
0.618264904286898,1.06069735417057,1
2.40948969954532,1.75315516765664,1
1.16898451108199,0.641279607756015,1
2.21904285494344,1.63363517052358,1
2.94038049386838,1.07608497033108,1
1.52649022478032,2.1018782435687,1
-0.00116219280564156,3.07526519775098,1
3.29148109231044,2.67572492295008,1
1.01437126524871,1.33900623041194,1
2.91141029345293,2.258390585456,1
3.5952247932998,2.90465380103439,1
0.534869234288529,2.49832349858434,1
2.68148810211518,2.66371221097901,1
2.34439175866009,1.94157999924409,1
1.50501767769089,0.531339861378884,1
-0.270520945744436,1.11507820749192,1
0.946753164891478,3.61911085928542,1
3.74937523588828,3.0946945290066,1
0.85434932620991,3.16177287958485,1
0.752111212901984,2.61606073995444,1
2.33613571337189,2.30096474698213,1
2.01663493732324,1.20232914945387,1
4.17074856095682,2.4340015088332,1
0.545206049801691,2.04596439715556,1
2.63418435557707,-0.326953580027333,1
2.98145097024054,3.72873109360229,1
1.19754847947987,3.45239054054818,1
2.39483200633742,1.97601661156689,1
1.12553386926335,3.58821807630534,1
1.41684114827688,1.37922432018203,1
2.51507873742729,0.925494873651628,1
4.16139675620718,1.34212754207707,1
0.891240534693306,1.95896729256519,1
1.89725448019762,3.7086218343617,1
3.32074325402892,2.98341315564076,1
3.59137516349842,1.53981973307967,1
1.61659882176836,1.19604567062107,1
1.72134144983094,3.11414319291651,1
1.96339232732942,1.86803076100734,1
1.06021869928557,1.53301749716674,1
1.45144656086352,2.60762603803882,1
1.91040495514249,2.75246964664208,1
1.72397885621604,2.04662864262648,1
1.26496756141185,3.1940200784466,1
1.10127806256808,2.68105484471237,1
1.33187299909047,3.31447611714261,1
1.79285548018519,1.06659303781144,1
1.94391560375183,3.44433380918997,1
1.72253691931887,1.06955213029134,1
2.09650520981882,1.30124310537733,1
0.949422373396564,2.01434980775397,1
2.25308600581456,3.12398848182257,1
3.46628286996777,1.51498751235656,1
0.892815038992946,1.89911355662253,1
2.73325726140279,0.779610468030867,1
1.46943598665587,2.81865203022166,1
2.82093107733027,1.1151494547151,1
2.96116299205701,2.25758986975371,1
1.3566462231582,0.946315709022159,1
2.26326915739886,0.0123775044276058,1
1.65494232041159,1.1750666893612,1
2.52502378209277,3.01347806584485,1
1.87461362542148,1.34624045092918,1
2.6430148846668,1.77468041024348,1
1.92131346229586,1.5553446170531,1
1.00635275066314,1.90580147746535,1
1.97343776994478,4.04559781923728,1
1.96714996752046,3.19095204358716,1
-0.820437926422759,2.11455967184645,1
0.88024075148841,1.64967610301274,1
1.04995085249376,2.97525882208436,1
2.72399215996655,0.213194948393917,1
1.74317208201191,2.00827359022118,1
2.9846846763385,0.950272412417662,1
0.634638649452892,1.28135507330655,1
2.00476894640576,1.86922822990822,1
4.75616627425308,2.44842939844829,1
1.42629553715743,0.55572645821399,1
2.8520372959602,2.67339673323064,1
3.12730239620692,1.09790075833429,1
0.756962833541345,1.46375293336454,1
3.15800663417041,3.26536512843479,1
2.25696136605755,0.118124202622053,1
1.10503550512555,1.57427846026286,1
1.37657418566344,1.54635320344791,1
1.53050767018431,3.2564089323194,1
3.3973541448834,0.415062193013426,1
3.83374031843229,2.00192734259788,1
0.646023899854059,2.50210668995063,1
3.53996623416173,2.03654880981363,1
1.59010829639487,1.56618256670389,1
4.17543564040572,2.47118729449145,1
2.72676180499333,1.01077103694287,1
3.67736105748961,2.24477988023304,1
3.26438590104306,1.20740298556856,1
1.76857957733542,2.26281263915764,1
-0.604202720355888,1.13772440000805,1
2.37690576120023,1.50967903287787,1
1.43783916209468,2.06315794445983,1
1.60594143253609,2.79816482505523,1
0.998307922319564,1.72003985007952,1
3.93611677270851,0.768690924542836,1
1.93139644201298,2.47729622671543,1
0.537276496067695,2.38306480599923,1
3.53232802377451,2.77379969335939,1
2.28424301343831,2.32622826874926,1
2.51970473335725,1.97621166500453,1
2.05603475065571,2.48167354244652,1
2.58433708944981,0.177885790868245,1
0.470175040319287,2.70339673851779,1
1.93768753373881,2.53196319502589,1
0.597994374046261,2.13749437181501,1
1.7206282676939,1.56456202041444,1
2.19766439146568,1.49845420923368,1
1.97860506719213,2.0219206891443,1
0.894428888437277,2.75012347211833,1
0.0783568424640555,2.64535108588223,1
-0.849679374602801,1.23579727499598,1
1.3572823483775,1.95490331912074,1
2.53743778135817,2.81946443062281,1
1.247295219677,1.78434756170791,1
0.805220574364014,2.06382619228873,1
2.124931243001,1.19111474988996,1
2.74424258462186,1.99785155363539,1
1.14469281263704,0.331663944888156,1
1.85611381388979,1.56363907363245,1
0.681793579243828,1.864325718889,1
1.04531413843203,6.64190640506703,1
1.02194693141089,1.54554414290046,1
2.8406655816788,1.46971070850791,1
2.56469322153071,1.49828952060965,1
2.89293227879441,2.84384041797451,1
1.62443920066404,0.581468915958626,1
2.0475205145428,1.7399445686679,1
2.42284454114338,2.01972956296046,1
2.80798052006131,1.54202477498536,1
0.97226460249589,2.56332886761604,1
2.92290298681632,3.54943793390141,1
1.57197543619023,-0.138162623706237,1
2.3327296606226,2.21274661438194,1
-0.0161994217572854,3.5471202149589,1
2.95497306515427,2.59722734521872,1
1.34700707003135,4.70756815357668,1
1.29015124878757,0.748812204907985,1
2.58086903815711,2.21319945245091,1
0.285863711325128,2.57314649395493,1
2.87797751678235,2.90911497186806,1
3.25966724060882,3.39808746472306,1
4.00856745901979,3.83506112521747,1
2.53738747290087,1.04858845008197,1
2.53146088522903,1.91105230485405,1
2.0530221036818,2.07878304532066,1
2.42582846589909,1.73360332334566,1
1.93897695379807,2.10659141057483,1
1.97419312876641,2.15853456705994,1
1.33624151189342,0.187046118023599,1
0.823465617312986,1.16752342472753,1
2.0368148899266,1.24282804615597,1
0.474157553461763,2.60630854681806,1
1.848412227794,0.986861050372186,1
2.00173179786772,3.10517692849927,1
3.30671415043498,0.444523986976302,1
2.57631054628598,2.29485411066256,1
1.59936069047286,1.21484643194238,1
1.31152636181624,1.67570245010102,1
2.31711183627502,1.98843003215409,1
1.57624996547453,3.56279293624436,1
2.85700366189457,1.99499562726198,1
3.7162309414842,1.87413365032462,1
1.46727514895785,1.02872631311003,1
2.15891910693839,1.28660791357897,1
0.905342104209145,2.28053811380279,1
2.64842445525367,1.80481956293587,1
2.14589441885747,2.88351717773205,1
2.29307787753947,0.289742480556596,1
3.843385992625,0.607869978400344,1
1.40875581093633,1.18221784351563,1
1.53121773358234,1.63388772931444,1
1.32131679807377,1.79806110349547,1
1.17089745097039,1.8062147409606,1
2.78835426771209,0.721372205389497,1
3.05676052967878,0.586915975299367,1
1.1565842260002,1.82323488259343,1
1.98041775989773,2.21816360588002,1
1.74882934027753,3.4182848719506,1
2.79528626981949,1.55194797484702,1
1.72798135382162,2.17284013410101,1
0.933919357055812,0.955191471446132,1
0.860809130692733,0.805822557435774,1
2.44028503043981,2.64311044998421,1
0.102079222432535,0.935346354191161,1
2.7385889319771,0.36343659202626,1
2.61734911942865,3.72606230276263,1
2.65390904091472,2.34060601220241,1
2.49330589721915,2.57636693950882,1
2.09525662284106,2.63898879018356,1
2.75180609404774,1.4879449592698,1
2.46633435507505,0.804729846368686,1
1.28979070873261,3.62388028841546,1
1.27944558014357,2.54678365567938,1
3.72665739710598,2.18536199644693,1
1.58249402473565,2.07953192435176,1
1.31665313160943,2.51514594507005,1
1.19471420116574,3.10236875840584,1
2.28261842172922,2.2047391099617,1
2.90814453878121,2.46424840834458,1
3.28770505546493,2.32950838359054,1
1.2721769361058,1.48633641542933,1
2.94161735848918,2.08207528456623,1
2.12227387875639,1.10088554176362,1
1.51080274756122,3.31114598353827,1
1.18064375835562,0.316782216090315,1
3.09208478936739,2.37191664801756,1
1.53231866251011,2.30309711924432,1
2.50572523914382,1.20847155152052,1
2.62537974450271,3.19861126986761,1
2.59210007330797,1.5160403189478,1
2.89222492189351,0.889147648852694,1
2.97033561824857,1.61225165067706,1
3.97824290226069,2.91819314500754,1
0.938692732775826,2.4600876495986,1
2.32211525965468,2.11188717408418,1
0.543325187134059,2.46384609095068,1
2.2590148118658,0.751809798455664,1
1.55873214517026,1.62755257546655,1
1.74147793166587,2.35788931121599,1
1.98405535366128,4.02500578072206,1
3.02382977940097,1.9501096839541,1
1.88251168444258,2.25761484663394,1
2.23104824304392,2.64371252006254,1
1.36585351631004,2.27800060090331,1
1.50040092031919,3.27567988755397,1
2.19940799806184,1.71723086599358,1
0.481044959996621,2.22896835937975,1
2.52598234034804,1.68960346127028,1
1.44240014430511,1.7000780732977,1
2.77221975219766,2.45740444630999,1
1.38581687133805,2.88421035761096,1
1.92878465980191,3.97045069561274,1
0.342234489615368,0.827194336947606,1
2.19777721625005,0.922727308641653,1
2.91108213317453,2.91360104159838,1
0.727756118514353,1.84592499330873,1
-0.0488973559313477,2.04495341165291,1
1.8802917758503,1.05376711698375,1
0.93548471633653,2.60910713777368,1
0.965318573250811,2.61430316155664,1
-0.754775592333664,1.38610543852547,1
2.22892238650059,2.01107677108242,1
2.36280961625498,-0.190583653735751,1
0.437907972774991,2.66351915095433,1
2.70393724777479,3.56828399031174,1
1.604890175073,2.31734650700721,1
0.368081480940732,2.22143370925321,1
0.86616406357041,0.773222608617728,1
2.8012746676991,2.66975472883819,1
2.29942557906544,1.56213585407235,1
2.9452125734706,2.46730894900483,1
0.698297164813591,2.97393351099423,1
2.03393075911715,2.24712655209635,1
0.35652944284965,0.795720381522015,1
4.42886232572157,0.288449385093471,1
1.32660366676299,1.08043486311746,1
1.9599014215235,0.231254604172097,1
2.51586949009613,2.71152818163816,1
0.588227594646771,0.466629777220947,1
4.71659214470964,3.95251969130193,1
2.70983311723331,0.37582452083798,1
1.90994297370835,1.09236300263203,1
1.41399308249575,1.87264984993695,1
2.18596924155473,3.25461463948615,1
1.55162990279225,2.19444599995024,1
2.98973905971697,-0.172789267486873,1
1.01175222908532,0.416892987428596,1
2.19878748954767,4.66259399936541,1
1.02500269065628,1.49881944204604,1
2.95618546079737,1.87895739529052,1
2.30427843601524,1.23569214748472,1
1.52582082185572,3.4860669951482,1
1.80745692100348,0.987277147141545,1
0.12938811227767,1.38779688200602,1
2.21169282706225,0.846455352675655,1
1.89807914811507,0.826044335591429,1
0.70567629476846,3.62169670048163,1
1.49695138758341,3.43054567775648,1
2.08669053978651,2.29002107598879,1
-0.488162109813844,2.3333406378618,1
4.36204310124755,2.72526055812582,1
0.301589734610864,0.803034462184936,1
0.605767808995806,1.18952577889002,1
1.89877801017817,3.36532979961263,1
1.03962003487751,3.02563946099088,1
2.88160290739443,2.0853450593691,1
3.72197052199195,0.747983034648318,1
1.1640161073008,1.23543267088314,1
1.75113748272408,3.87786935376462,1
0.706599924225517,1.27423721451949,1
2.06601197380404,3.13660787991463,1
3.59954293717795,2.85080248880287,1
0.704119188063617,3.13976056074188,1
1.17888899882587,2.76878385164229,1
3.27207301571039,0.198689590022659,1
-0.0934476151089538,2.03714795135926,1
2.53055426750779,3.04181303641838,1
2.17358678638919,3.29854671472484,1
3.10622192302323,2.32891769366959,1
2.07044480744501,2.63448539921705,1
1.9931853122694,1.7860857246022,1
3.91577943959208,1.09091613448971,1
2.7615764908372,3.0556278277525,1
1.01749396602084,0.894512200281737,1
-0.0410521397952528,1.3908011709962,1
2.18087176006207,2.32160349791616,1
0.591295658384464,2.66004847149405,1
1.20503111302597,2.57292111969563,1
2.69867433193763,3.19760205720786,1
1.93088139684623,1.1689962088191,1
2.58314651822963,2.66774520140956,1
0.97551600167243,1.98294640274111,1
4.63527077467406,3.29426143810596,1
2.47514514213409,0.838181082459462,1
2.13717125106249,4.69707804645762,1
0.539338321566424,1.81808868851548,1
2.66573614979313,-0.062737444898286,1
3.83820796368952,2.41189986586238,1
2.68913594117503,1.92347769936056,1
1.59267206252075,3.61050412237522,1
2.51065026341397,1.68228313028083,1
2.52856462756941,0.855386876978385,1
3.24807942271538,2.05783045689289,1
2.05224611525363,0.0168432613557767,1
3.06796323244409,2.90049711542965,1
2.39881568797836,1.0004826965144,1
2.92482809407129,2.98455978745257,1
2.99194927104225,1.19203308855873,1
2.40662019444919,2.65256324373811,1
2.84123421051909,4.02949639773435,1
1.3262168929414,2.1872817239378,1
0.879805005162233,2.71614741415712,1
1.46231674605754,-0.0881279080720456,1
2.46012592588663,1.51322870275209,1
1.29195845162282,2.01721123809212,1
1.16690183458196,0.438306626598255,1
2.02976468023169,1.1476529805136,1
0.682315619181884,1.97996891358791,1
1.23294324889661,2.14361850009022,1
0.603817644960073,1.25789868154809,1
1.7213380684537,3.27960606262602,1
2.48493955937252,0.801104947081098,1
2.51377404192486,2.2030022867034,1
2.62048761800531,1.15845547859488,1
-0.0247117012400411,0.263479354972005,1
2.65010334778556,2.25030292638561,1
2.01736668043967,2.06018017150135,1
2.66796921508934,2.2543458707782,1
1.19186341715937,5.88036023708247,1
1.43525017685971,1.29376794599842,1
1.09391395328362,-0.0882938738489614,1
1.06238506610012,2.54106953958171,1
1.02497987747789,2.79347135489414,1
1.9139632253332,4.04759591556452,1
1.03175292187766,2.01809891487254,1
1.90558981496795,2.20241418126396,1
1.0037647087504,0.709234474655148,1
3.22772340961897,-0.595143916298102,1
3.5768677134243,1.18007612876199,1
1.24923230380146,1.50727784176088,1
3.04090339739233,3.08071423052227,1
1.062912987213,1.38793676091246,1
0.638788484616587,1.25487070831657,1
1.24289712872876,2.15578371332074,1
2.32757353406944,1.46300678449662,1
1.0400687538645,2.49273194510681,1
2.29369150641931,2.24322094111582,1
2.28486365684477,2.07616750338934,1
2.49787913598648,2.26652848495576,1
0.536856106573937,1.9030371132314,1
3.30328517416695,3.03399141822971,1
3.20694070476276,1.6889108930366,1
0.138181019041597,2.87819224372459,1
3.51736858262441,0.419836988711359,1
0.741878411020697,1.20733931674421,1
1.63053074336005,1.91382548645975,1
1.57021925268793,0.943559233951719,1
1.88673025070339,2.20749177288735,1
1.50656345876925,0.171286083251323,1
1.12916525678986,2.19849256007828,1
2.10830425272204,1.7631712986891,1
2.86880083154617,2.76147474592801,1
3.80127316432986,3.4062673993761,1
2.13339601411224,2.22312854438545,1
3.40544932849439,3.53063793989508,1
2.51004339109364,0.740559529091418,1
1.83291972460696,2.62356239624597,1
3.61604211998794,1.68865329061189,1
2.34472381637412,0.490247123725618,1
3.10086113591219,1.27375144072107,1
1.79420311647627,2.71482697280847,1
3.99261710079191,1.46207638412603,1
3.10617289962341,2.57134806354357,1
1.84112054176111,1.50796802097279,1
2.4863155635176,2.13549041516925,1
4.02296486412326,0.532908589563162,1
2.30313825152368,1.80377460752203,1
1.88852024029357,3.77751911691295,1
3.36176908561316,1.46790682097757,1
-0.583334460232401,2.96974624616615,1
1.6557107480633,1.00539432158197,1
1.93040924210042,0.737711027272457,1
2.92862168282196,1.41355588576292,1
3.34283644418112,0.345396973946344,1
0.676630051878831,1.61173487290779,1
2.42217606301912,3.28839710586273,1
2.84103152091604,1.94133975349006,1
0.971571027397251,1.18395094404577,1
2.24545401618835,0.817843505989414,1
3.20194795047373,0.841875177821168,1
2.08782410321189,0.84779636867972,1
2.72685171662025,0.506673776945613,1
1.36177332544702,3.75386066468917,1
1.57476851080628,1.63838570326702,1
1.02224336254463,2.11807146245495,1
-0.85774341259421,2.12339672978883,1
2.53575703101776,3.07514025246968,1
2.33138712371938,2.00969255933964,1
2.66961057555739,2.06970439686343,1
2.52735217151725,2.54654818661956,1
0.671090875790162,2.37322571268168,1
2.28840550086871,0.686798150270679,1
2.56089444465023,1.79319028573806,1
1.88803446281701,1.49138622931399,1
1.93470031879684,2.23945135427412,1
3.07598315588213,1.5860884354508,1
3.97965547064846,3.03210886638673,1
0.588237320527558,0.982953196109311,1
3.35820615421318,1.93701648447262,1
1.68193316436365,2.80086331147386,1
1.40066650746505,2.20560389271617,1
1.08799091079998,2.15410724256943,1
3.83963773685758,0.908514497044347,1
2.64238841777106,2.66543677473234,1
1.29714579151714,1.74412431159493,1
2.47015899330087,3.27545888922044,1
-0.0471009117269769,1.47798823413592,1
3.04164330065399,4.43557438015833,1
1.42821404008624,1.66985780174416,1
2.44417997338388,2.42203046455682,1
1.82330629276352,2.10034338458067,1
3.27801296230094,2.88364432352471,1
1.75386936399501,0.405973315787634,1
2.81456493078931,2.1278251108807,1
0.863652611753459,0.137808209064434,1
1.825252365776,1.32189243575533,1
2.0316636172994,2.02285004881729,1
3.87520123672501,3.02964795695633,1
2.39482778267979,2.3526105553706,1
3.67566723296438,3.4220932256954,1
1.20351870717652,1.4678708177763,1
2.09503691193622,0.930932021689079,1
2.2707687635509,1.27538238965568,1
2.88291002773159,0.795595243448377,1
1.78717130049095,3.73088141214211,1
1.51657933990306,-0.530056347947628,1
3.41724036917186,2.02314252041772,1
0.0115904907863584,2.37869881857899,1
1.98983171944763,1.87470748771643,1
1.80474613484873,2.37219154007662,1
1.80734526619432,2.94790094017094,1
3.67176295361399,1.48898123344375,1
3.31711331375309,0.279815965801328,1
2.4782945880546,3.91813461132092,1
0.173843174475834,3.36244807741991,1
1.12793971227337,3.92912509661119,1
0.470573418457975,2.71735493344523,1
1.6008379363144,3.37457971652959,1
3.31988183560298,0.572976686651034,1
0.738776325199429,3.48309392528646,1
2.10457559068286,0.131248792328732,1
